data/oyster_dem_1.asc
ncols        252
nrows        140
xllcorner    557285.119999999995
yllcorner    2029493.439999999944
cellsize     3.280000000000
NODATA_value  nan
[rows 100 to 119 of 140, columns 138 to 183 of 252]
-1.1471512317657470703 -1.2256525754928588867 -1.2825846672058105469 -1.3300261497497558594 -1.4155404567718505859 -1.45098876953125 -1.3317131996154785156 -1.6619561910629272461 -1.9368193149566650391 -1.8352702856063842773 -2.3659026622772216797 -2.3465635776519775391 -2.4833440780639648438 -2.6043517589569091797 -2.5232567787170410156 -2.5241577625274658203 -2.3972897529602050781 -2.4476015567779541016 -2.4661557674407958984 -2.4232342243194580078 -2.3037307262420654297 -2.2640774250030517578 -2.2186598777770996094 -2.1086566448211669922 -1.9382975101470947266 -1.7516217231750488281 -1.9289696216583251953 -1.9571601152420043945 -1.9304947853088378906 -2.0611937046051025391 -2.0801069736480712891 -1.8430335521697998047 -1.7922406196594238281 -1.9524608850479125977 -2.2925899028778076172 -2.3814644813537597656 -2.4350655078887939453 -2.3893802165985107422 -2.2512717247009277344 -2.1532497406005859375 -2.1868395805358886719 -2.2624785900115966797 -2.4841125011444091797 -2.6455667018890380859 -2.7724688053131103516 -2.8337152004241943359
-1.2911695241928100586 -1.4437288045883178711 -1.4660773277282714844 -1.2808805704116821289 -1.2346510887145996094 -1.2443926334381103516 -1.131932377815246582 -1.3790271282196044922 -1.6427872180938720703 -1.7600824832916259766 -2.341770172119140625 -2.4646074771881103516 -2.6423628330230712891 -2.6441826820373535156 -2.5832371711730957031 -2.533130645751953125 -2.5098769664764404297 -2.4973180294036865234 -2.3193576335906982422 -2.3614165782928466797 -2.3351979255676269531 -2.2875561714172363281 -2.2729644775390625 -2.2559945583343505859 -2.1716063022613525391 -2.0459411144256591797 -2.0980274677276611328 -2.0292069911956787109 -1.9754961729049682617 -1.9498422145843505859 -1.8730733394622802734 -1.4795365333557128906 -1.375140070915222168 -1.7460007667541503906 -2.2421207427978515625 -2.3738036155700683594 -2.4293389320373535156 -2.4487068653106689453 -2.3767499923706054688 -2.3258235454559326172 -2.4381544589996337891 -2.4780037403106689453 -2.6053957939147949219 -2.70215606689453125 -2.7837100028991699219 -2.9123830795288085938
-2.2107017040252685547 -2.38700103759765625 -1.7253509759902954102 -1.3452116250991821289 -1.0513013601303100586 -1.1869145631790161133 -1.1641651391983032227 -1.3108223676681518555 -1.4450139999389648438 -1.3974080085754394531 -1.9367274045944213867 -2.2605495452880859375 -2.4371562004089355469 -2.6114268302917480469 -2.6149888038635253906 -2.6044127941131591797 -2.63835906982421875 -2.5541784763336181641 -2.3525345325469970703 -2.2799584865570068359 -2.3117194175720214844 -2.2930004596710205078 -2.2526590824127197266 -2.2176351547241210938 -2.2166059017181396484 -2.1380541324615478516 -2.0779411792755126953 -1.9306035041809082031 -1.6584342718124389648 -1.425553441047668457 -1.3258367776870727539 -1.18321990966796875 -1.2975157499313354492 -1.6601493358612060547 -2.166187286376953125 -2.3247227668762207031 -2.3936789035797119141 -2.3930690288543701172 -2.2046959400177001953 -2.2115645408630371094 -2.3856968879699707031 -2.5482091903686523438 -2.6292848587036132812 -2.6977117061614990234 -2.8285853862762451172 -2.9593212604522705078
-2.53372955322265625 -2.4121296405792236328 -1.1748220920562744141 -1.1843574047088623047 -1.1181293725967407227 -1.2769888639450073242 -1.3916984796524047852 -1.2425452470779418945 -1.603266596794128418 -1.3487327098846435547 -1.507556915283203125 -1.9964808225631713867 -2.3064975738525390625 -2.5521256923675537109 -2.5452244281768798828 -2.5415298938751220703 -2.5130863189697265625 -2.3093552589416503906 -1.9277071952819824219 -1.6937431097030639648 -1.9728028774261474609 -2.2375779151916503906 -2.2467045783996582031 -2.1736867427825927734 -2.1330666542053222656 -2.0865292549133300781 -2.0559315681457519531 -1.8853144645690917969 -1.5067211389541625977 -1.2605912685394287109 -1.2953481674194335938 -1.4509470462799072266 -1.6681542396545410156 -1.9441858530044555664 -2.3000113964080810547 -2.3982121944427490234 -2.4568734169006347656 -2.3250155448913574219 -2.0047154426574707031 -2.0170536041259765625 -2.1715867519378662109 -2.3180441856384277344 -2.3480548858642578125 -2.5502321720123291016 -2.7678856849670410156 -2.9914982318878173828
-1.4788099527359008789 -1.2008109092712402344 -0.851383209228515625 -1.2549045085906982422 -1.3163352012634277344 -1.4576798677444458008 -1.5505015850067138672 -1.2815737724304199219 -1.6037098169326782227 -1.5809931755065917969 -1.7693471908569335938 -1.7647452354431152344 -1.8774862289428710938 -2.2418727874755859375 -2.3826546669006347656 -2.4099102020263671875 -2.4172391891479492188 -2.3936612606048583984 -2.1417174339294433594 -2.0164401531219482422 -2.1623024940490722656 -2.3646366596221923828 -2.3294732570648193359 -2.2080070972442626953 -2.0584354400634765625 -2.0102434158325195312 -2.0345828533172607422 -1.8870835304260253906 -1.507174372673034668 -1.175271153450012207 -1.1829990148544311523 -1.4237344264984130859 -1.7147858142852783203 -1.9908837080001831055 -2.2249088287353515625 -2.3092319965362548828 -2.2950809001922607422 -2.0822241306304931641 -1.6977267265319824219 -1.5724544525146484375 -1.6255422830581665039 -1.6756255626678466797 -1.9325650930404663086 -2.3626453876495361328 -2.6904239654541015625 -2.9887263774871826172
-0.99385911226272583008 -1.141045689582824707 -1.1786365509033203125 -1.5115611553192138672 -1.5148664712905883789 -1.6793065071105957031 -1.5526156425476074219 -1.6472610235214233398 -1.9245117902755737305 -2.0017838478088378906 -1.8453030586242675781 -1.7208732366561889648 -1.788449406623840332 -2.0269610881805419922 -2.2312972545623779297 -2.3329448699951171875 -2.4129898548126220703 -2.4061753749847412109 -2.4265799522399902344 -2.3465754985809326172 -2.3483865261077880859 -2.2705054283142089844 -2.1170744895935058594 -1.8011441230773925781 -1.4425435066223144531 -1.4909971952438354492 -1.7596006393432617188 -1.8929232358932495117 -1.6669999361038208008 -1.4395810365676879883 -1.3208544254302978516 -1.2481961250305175781 -1.5860886573791503906 -1.9366003274917602539 -2.2009117603302001953 -2.3020279407501220703 -2.2866461277008056641 -2.0327157974243164062 -1.3853006362915039062 -1.1183383464813232422 -1.0609153509140014648 -1.2023428678512573242 -1.6585686206817626953 -2.2015559673309326172 -2.7157733440399169922 -2.9238617420196533203
-1.0520725250244140625 -1.2520835399627685547 -1.3854285478591918945 -1.4850133657455444336 -1.3999406099319458008 -1.5237405300140380859 -1.7101643085479736328 -1.9738155603408813477 -2.1686038970947265625 -2.1522836685180664062 -1.9607439041137695312 -1.917999267578125 -2.0489459037780761719 -2.1458861827850341797 -2.2206408977508544922 -2.2799069881439208984 -2.2688524723052978516 -2.1870810985565185547 -2.2536005973815917969 -2.1959626674652099609 -2.0620510578155517578 -1.9811098575592041016 -1.8833278417587280273 -1.5910269021987915039 -1.3660130500793457031 -1.5541141033172607422 -1.9005405902862548828 -2.1184127330780029297 -2.0266077518463134766 -1.86861419677734375 -1.5290446281433105469 -1.2170553207397460938 -1.4628120660781860352 -1.8812097311019897461 -2.1721196174621582031 -2.3178863525390625 -2.2666292190551757812 -1.6762650012969970703 -1.0638688802719116211 -0.74913543462753295898 -0.69985938072204589844 -0.91997259855270385742 -1.5037881135940551758 -2.06961822509765625 -2.5046010017395019531 -2.7874734401702880859
-0.93875986337661743164 -1.2304869890213012695 -1.3406641483306884766 -1.4229693412780761719 -1.336073756217956543 -1.7365378141403198242 -2.4330677986145019531 -2.2584769725799560547 -2.2893455028533935547 -2.2366070747375488281 -1.9907678365707397461 -1.9690386056900024414 -2.0655186176300048828 -2.1428940296173095703 -2.2242791652679443359 -2.3015041351318359375 -2.3371024131774902344 -2.2973902225494384766 -2.2068667411804199219 -2.024738311767578125 -1.7601755857467651367 -1.6183480024337768555 -1.5016955137252807617 -1.3457638025283813477 -1.3912141323089599609 -1.7351372241973876953 -1.9795054197311401367 -2.0773041248321533203 -2.0027523040771484375 -1.6859941482543945312 -1.1995177268981933594 -0.83836328983306884766 -0.96527749300003051758 -1.3488456010818481445 -1.7133594751358032227 -1.9999512434005737305 -2.1025543212890625 -1.7156038284301757812 -1.1172883510589599609 -0.73263555765151977539 -0.72459149360656738281 -0.89574837684631347656 -1.3811904191970825195 -1.8353416919708251953 -2.123630523681640625 -2.6119985580444335938
-0.96353882551193237305 -1.1691775321960449219 -1.300933837890625 -1.4430608749389648438 -1.4136164188385009766 -1.7224187850952148438 -2.1643662452697753906 -1.7852742671966552734 -1.875250697135925293 -2.1751258373260498047 -1.9942020177841186523 -1.9078769683837890625 -1.9966907501220703125 -2.0760169029235839844 -2.1600906848907470703 -2.2084355354309082031 -2.2304718494415283203 -2.2103643417358398438 -2.1346850395202636719 -1.8379836082458496094 -1.4783318042755126953 -1.3489478826522827148 -1.3590592145919799805 -1.4076237678527832031 -1.5869160890579223633 -1.8791317939758300781 -2.0027954578399658203 -2.0786709785461425781 -1.9882657527923583984 -1.6385016441345214844 -1.1771550178527832031 -0.88927274942398071289 -0.87954056262969970703 -1.1276640892028808594 -1.4493454694747924805 -1.911047816276550293 -2.2248733043670654297 -2.0866348743438720703 -1.4948722124099731445 -1.0610959529876708984 -1.0332398414611816406 -1.1600732803344726562 -1.3876047134399414062 -1.6361593008041381836 -1.9620606899261474609 -2.5181729793548583984
-1.3071912527084350586 -1.3894201517105102539 -1.3053026199340820312 -1.2502388954162597656 -1.3046487569808959961 -1.4991222620010375977 -2.0999836921691894531 -2.1078982353210449219 -2.0075654983520507812 -2.0599508285522460938 -1.9438188076019287109 -1.7729631662368774414 -1.7331215143203735352 -1.7355754375457763672 -1.4782150983810424805 -1.4900481700897216797 -1.6997563838958740234 -1.8865401744842529297 -1.8795473575592041016 -1.7280789613723754883 -1.6561714410781860352 -1.7493325471878051758 -1.8478243350982666016 -1.9255679845809936523 -2.0466322898864746094 -2.1667373180389404297 -2.1702857017517089844 -2.1529369354248046875 -2.0341782569885253906 -1.7378511428833007812 -1.5357487201690673828 -1.398825526237487793 -1.094006657600402832 -1.0441545248031616211 -1.3843415975570678711 -1.8962788581848144531 -2.1820228099822998047 -2.1560876369476318359 -1.8602329492568969727 -1.4088611602783203125 -1.2898347377777099609 -1.3675043582916259766 -1.5139294862747192383 -1.7180112600326538086 -2.0776720046997070312 -2.5681951045989990234
-1.3022477626800537109 -1.3424603939056396484 -1.1894439458847045898 -1.0225574970245361328 -1.1985388994216918945 -1.5572854280471801758 -1.9541134834289550781 -2.0678517818450927734 -2.0141627788543701172 -1.8046654462814331055 -1.7030636072158813477 -1.6190307140350341797 -1.6291557550430297852 -1.5777186155319213867 -1.2220611572265625 -1.2363027334213256836 -1.4177054166793823242 -1.6225954294204711914 -1.6928162574768066406 -1.6415543556213378906 -1.6435289382934570312 -1.8441865444183349609 -2.0452170372009277344 -2.0968852043151855469 -2.1220467090606689453 -2.1787283420562744141 -2.0798668861389160156 -1.9984912872314453125 -1.9125968217849731445 -1.7120316028594970703 -1.5582952499389648438 -1.5549490451812744141 -1.5218634605407714844 -1.4086109399795532227 -1.6012192964553833008 -1.9398822784423828125 -2.0886695384979248047 -2.1154503822326660156 -1.902068018913269043 -1.649869084358215332 -1.529519200325012207 -1.5931466817855834961 -1.7509218454360961914 -2.0229029655456542969 -2.3689708709716796875 -2.7191853523254394531
-1.1498140096664428711 -1.1777441501617431641 -1.0397205352783203125 -0.87430208921432495117 -1.148259282112121582 -1.6140177249908447266 -1.9301360845565795898 -1.8721513748168945312 -1.8406842947006225586 -1.542645573616027832 -1.3751016855239868164 -1.3890308141708374023 -1.5318803787231445312 -1.6151485443115234375 -1.4241789579391479492 -1.2124179601669311523 -1.1564164161682128906 -1.4563555717468261719 -1.5509849786758422852 -1.417996525764465332 -1.4655936956405639648 -1.6755260229110717773 -1.9757022857666015625 -2.1081798076629638672 -1.8587923049926757812 -1.709723353385925293 -1.7047003507614135742 -1.7781699895858764648 -1.70111846923828125 -1.3551446199417114258 -1.3304685354232788086 -1.6249343156814575195 -1.8046141862869262695 -1.8014429807662963867 -1.7473226785659790039 -1.6749194860458374023 -1.7240046262741088867 -1.8601856231689453125 -1.8944259881973266602 -1.7781080007553100586 -1.6788418292999267578 -1.7770342826843261719 -2.0027432441711425781 -2.2583341598510742188 -2.6792762279510498047 -3.0128834247589111328
-1.419230341911315918 -1.5261758565902709961 -1.3901715278625488281 -1.2252172231674194336 -1.3819245100021362305 -1.7658675909042358398 -1.9088411331176757812 -1.8468120098114013672 -1.6690280437469482422 -1.3440188169479370117 -1.2200751304626464844 -1.3385473489761352539 -1.6932814121246337891 -1.7728697061538696289 -1.6990400552749633789 -1.528872370719909668 -1.4728000164031982422 -1.6247112751007080078 -1.7235027551651000977 -1.6210527420043945312 -1.4841727018356323242 -1.6209390163421630859 -1.8454794883728027344 -1.8078725337982177734 -1.3380973339080810547 -1.1051714420318603516 -1.0126960277557373047 -0.98320943117141723633 -0.96347802877426147461 -0.78497016429901123047 -0.82356852293014526367 -1.1435352563858032227 -1.5374435186386108398 -1.551884770393371582 -1.1585160493850708008 -0.97439056634902954102 -1.0799052715301513672 -1.364159703254699707 -1.7603865861892700195 -1.8552715778350830078 -1.9924640655517578125 -2.1607711315155029297 -2.3607981204986572266 -2.5893266201019287109 -2.8262150287628173828 -3.3586418628692626953
-2.1963689327239990234 -1.4927970170974731445 -1.5926383733749389648 -1.8670722246170043945 -2.0958538055419921875 -1.9974634647369384766 -1.9196239709854125977 -1.768240809440612793 -1.5396772623062133789 -1.3520265817642211914 -1.4242631196975708008 -1.7170691490173339844 -2.0995793342590332031 -2.2188577651977539062 -2.2017674446105957031 -2.0632956027984619141 -1.9387985467910766602 -1.8953011035919189453 -1.9520276784896850586 -1.7134569883346557617 -1.2994472980499267578 -1.2071859836578369141 -1.2123159170150756836 -1.1081204414367675781 -0.88007432222366333008 -0.75695574283599853516 -0.78439670801162719727 -0.84350466728210449219 -0.92045569419860839844 -0.91284936666488647461 -1.0491712093353271484 -1.2753580808639526367 -1.3261048793792724609 -1.2594991922378540039 -1.0164310932159423828 -0.98734498023986816406 -1.1894341707229614258 -1.5333995819091796875 -1.9429385662078857422 -2.3177740573883056641 -2.5280880928039550781 -2.5459790229797363281 -2.6787531375885009766 -3.1577198505401611328 -3.6117126941680908203 -4.0973415374755859375
-2.5513925552368164062 -1.7546782493591308594 -1.5551372766494750977 -1.8121168613433837891 -2.1775846481323242188 -2.1511147022247314453 -1.9841800928115844727 -1.8445640802383422852 -1.7188079357147216797 -1.8483116626739501953 -2.0855209827423095703 -2.297088623046875 -2.4561889171600341797 -2.4854772090911865234 -2.42903900146484375 -2.2780191898345947266 -2.1402070522308349609 -2.0593228340148925781 -2.0241298675537109375 -1.7049708366394042969 -1.2599930763244628906 -0.95508164167404174805 -0.87525862455368041992 -0.95826166868209838867 -1.0572971105575561523 -1.0951342582702636719 -1.2042385339736938477 -1.2872661352157592773 -1.3219162225723266602 -1.4067578315734863281 -1.4876730442047119141 -1.4518531560897827148 -1.3297276496887207031 -1.2775275707244873047 -1.2665607929229736328 -1.3513201475143432617 -1.5489587783813476562 -1.8907212018966674805 -2.3469388484954833984 -2.7726092338562011719 -2.9633438587188720703 -3.0054030418395996094 -3.1604416370391845703 -3.4139790534973144531 -3.9347085952758789062 -4.5320229530334472656
-2.9447422027587890625 -2.1712298393249511719 -1.6298128366470336914 -1.6847223043441772461 -2.0753085613250732422 -2.3351111412048339844 -2.1478831768035888672 -2.0457541942596435547 -1.8827317953109741211 -2.0108585357666015625 -2.2226233482360839844 -2.3964977264404296875 -2.5789620876312255859 -2.6489233970642089844 -2.6242625713348388672 -2.5723581314086914062 -2.4890737533569335938 -2.38339996337890625 -2.2413756847381591797 -1.869034886360168457 -1.361358642578125 -0.92736351490020751953 -0.80077528953552246094 -0.98368966579437255859 -1.3473097085952758789 -1.5895925760269165039 -1.6036370992660522461 -1.6288453340530395508 -1.6672362089157104492 -1.6893218755722045898 -1.718296051025390625 -1.6409316062927246094 -1.529664158821105957 -1.5793645381927490234 -1.6717743873596191406 -1.8625328540802001953 -2.1408922672271728516 -2.4203028678894042969 -2.8590900897979736328 -3.2494988441467285156 -3.5531551837921142578 -3.6356084346771240234 -3.7095229625701904297 -3.8272211551666259766 -4.1307964324951171875 -4.7027225494384765625
-1.8998444080352783203 -1.5949637889862060547 -1.6091653108596801758 -1.8695665597915649414 -2.0388128757476806641 -2.4167695045471191406 -2.3173310756683349609 -2.0318241119384765625 -1.9556878805160522461 -2.2781670093536376953 -2.5022995471954345703 -2.6861391067504882812 -2.8772852420806884766 -2.9340484142303466797 -2.9002661705017089844 -2.8115334510803222656 -2.7024734020233154297 -2.5165340900421142578 -2.1467015743255615234 -1.7206602096557617188 -1.2717647552490234375 -0.99415820837020874023 -0.97945237159729003906 -1.2349293231964111328 -1.6771867275238037109 -1.9938856363296508789 -2.0224139690399169922 -2.0340864658355712891 -2.0189840793609619141 -1.9398608207702636719 -1.894768834114074707 -1.8826768398284912109 -1.8907163143157958984 -2.0472972393035888672 -2.1800644397735595703 -2.4593937397003173828 -2.7828946113586425781 -3.0749306678771972656 -3.4588193893432617188 -3.80532073974609375 -4.1001272201538085938 -4.2237420082092285156 -4.2542805671691894531 -4.3179473876953125 -4.4152250289916992188 nan
-1.1372991800308227539 -1.9533196687698364258 -2.2500412464141845703 -1.7326900959014892578 -2.7773153781890869141 -3.0441825389862060547 -2.7364442348480224609 -2.6976616382598876953 -2.5866727828979492188 -2.7406861782073974609 -2.7912425994873046875 -2.9702517986297607422 -3.0989243984222412109 -3.0349066257476806641 -2.9928505420684814453 -2.9537870883941650391 -2.8284170627593994141 -2.6374814510345458984 -2.2220041751861572266 -1.8392425775527954102 -1.5339236259460449219 -1.4213335514068603516 -1.4620478153228759766 -1.7375962734222412109 -2.1401031017303466797 -2.39581298828125 -2.4716651439666748047 -2.3712718486785888672 -2.2124013900756835938 -2.0940337181091308594 -2.0652487277984619141 -2.1223852634429931641 -2.2504944801330566406 -2.4756281375885009766 -2.7413964271545410156 -3.0107831954956054688 -3.3128573894500732422 -3.6699049472808837891 -4.0290975570678710938 -4.3240561485290527344 -4.4589619636535644531 -4.5481343269348144531 -4.6102080345153808594 -4.6777729988098144531 -4.7747240066528320312 nan
-1.6159055233001708984 -2.5214164257049560547 -2.5259101390838623047 -2.3517029285430908203 -2.8905141353607177734 -3.4508767127990722656 -3.21441650390625 -3.1685292720794677734 -3.1371028423309326172 -3.1923480033874511719 -3.1845543384552001953 -3.102630615234375 -3.056140899658203125 -3.0391209125518798828 -3.2123534679412841797 -3.2090642452239990234 -3.0876021385192871094 -2.9170606136322021484 -2.4546244144439697266 -2.1376671791076660156 -1.8927648067474365234 -1.8121694326400756836 -1.8883180618286132812 -2.1659591197967529297 -2.4933760166168212891 -2.745250701904296875 -2.7539472579956054688 -2.7704401016235351562 -2.6482021808624267578 -2.5421266555786132812 -2.5379400253295898438 -2.6514856815338134766 -2.8593583106994628906 -3.0855145454406738281 -3.3401520252227783203 -3.5722842216491699219 -3.8178169727325439453 -4.2147893905639648438 -4.5074701309204101562 -4.6225752830505371094 nan nan nan nan nan nan
-2.4011445045471191406 -2.652378082275390625 -2.9684853553771972656 -3.2878139019012451172 -3.6055016517639160156 -3.5579192638397216797 -3.4251258373260498047 -3.3362660408020019531 -3.3276343345642089844 -3.3635420799255371094 -3.4010529518127441406 -3.0895504951477050781 -3.0468428134918212891 -3.2938649654388427734 -3.4584488868713378906 -3.4142885208129882812 -3.273891448974609375 -3.0528271198272705078 -2.7239110469818115234 -2.5046675205230712891 -2.3193595409393310547 -2.2585783004760742188 -2.267650604248046875 -2.3394365310668945312 -2.7703707218170166016 -3.1856052875518798828 -2.9508078098297119141 -3.1881902217864990234 -3.1955726146697998047 -3.0964772701263427734 -3.132625579833984375 -3.2571547031402587891 -3.4564878940582275391 -3.6682064533233642578 -3.9091737270355224609 -4.094638824462890625 nan nan nan nan nan nan nan nan nan nan
