data/oyster_dem_1.asc
ncols        252
nrows        140
xllcorner    557285.119999999995
yllcorner    2029493.439999999944
cellsize     3.280000000000
NODATA_value  nan
[rows 120 to 139 of 140, columns 0 to 45 of 252]
1.5887621641159057617 0.85772156715393066406 -0.24708424508571624756 -1.2707064151763916016 -1.9089711904525756836 -1.8493580818176269531 -1.8143051862716674805 -1.4120013713836669922 -0.80039846897125244141 -0.24951924383640289307 0.15629236400127410889 0.84934788942337036133 1.4321928024291992188 1.7593113183975219727 1.7740981578826904297 1.6543310880661010742 1.800505518913269043 1.8937569856643676758 1.9566820859909057617 1.9951406717300415039 1.9703915119171142578 1.903778076171875 1.9333592653274536133 1.7832553386688232422 1.6292737722396850586 1.6903083324432373047 1.6565651893615722656 1.7204979658126831055 2.0668344497680664062 1.8206042051315307617 1.0201926231384277344 -0.22231800854206085205 -1.2238732576370239258 -1.4249116182327270508 -1.9937654733657836914 -2.4823682308197021484 -1.566103816032409668 -1.5411888360977172852 -1.48871612548828125 -1.4133520126342773438 -1.3029949665069580078 -1.1440415382385253906 -1.1106256246566772461 -0.88263911008834838867 -1.062073826789855957 -0.86516714096069335938
1.1685352325439453125 -0.39679512381553649902 -1.4187942743301391602 -1.9166468381881713867 -1.9739111661911010742 -1.8867213726043701172 -1.8805583715438842773 -1.374664306640625 -0.78550791740417480469 -0.46488630771636962891 0.10450626909732818604 0.82213979959487915039 1.4045693874359130859 1.6789138317108154297 1.6435949802398681641 1.7008755207061767578 1.8744150400161743164 1.9567176103591918945 2.0056235790252685547 2.0025687217712402344 1.9345208406448364258 1.8498246669769287109 1.7817319631576538086 1.7151174545288085938 1.717085719108581543 1.7085175514221191406 1.6473189592361450195 1.4568525552749633789 1.8369790315628051758 2.0095670223236083984 0.93017202615737915039 -0.38845282793045043945 -1.2242892980575561523 -1.7207384109497070312 -2.2387311458587646484 -2.3875010013580322266 -2.1502203941345214844 -1.7209287881851196289 -1.3613272905349731445 -1.0382312536239624023 -0.94183170795440673828 -0.87679213285446166992 -0.95374602079391479492 -1.1809056997299194336 -1.1358810663223266602 -0.65454375743865966797
-0.21036718785762786865 -1.7314002513885498047 -2.0904009342193603516 -2.1517796516418457031 -1.9524048566818237305 -1.7966780662536621094 -1.586620330810546875 -1.2821278572082519531 -0.89113312959671020508 -0.57995694875717163086 0.071332350373268127441 0.79493170976638793945 1.3769481182098388672 1.5979808568954467773 1.5765779018402099609 1.7941734790802001953 1.9512423276901245117 2.0119166374206542969 2.0205841064453125 1.9808486700057983398 1.8941148519515991211 1.796708226203918457 1.7286161184310913086 1.6956161260604858398 1.8170591592788696289 1.7845228910446166992 1.7361171245574951172 0.98986113071441650391 0.26589071750640869141 0.65495538711547851562 0.29077994823455810547 -0.60329419374465942383 -1.4029364585876464844 -2.1410267353057861328 -2.4034183025360107422 -2.2134311199188232422 -1.8591022491455078125 -1.2428107261657714844 -0.89355945587158203125 -0.58137464523315429688 -0.40776848793029785156 -0.40454605221748352051 -0.64710485935211181641 -1.0365235805511474609 -1.2468179464340209961 -1.0496697425842285156
-0.64537733793258666992 -1.8018835783004760742 -1.9378954172134399414 -1.8620982170104980469 -1.6921671628952026367 -1.4415850639343261719 -1.2436428070068359375 -1.2139072418212890625 -1.1504770517349243164 -0.6796665191650390625 0.045296903699636459351 0.76772361993789672852 1.3412065505981445312 1.5259699821472167969 1.6271492242813110352 1.8997747898101806641 2.0150904655456542969 2.0377583503723144531 2.0002608299255371094 1.9490690231323242188 1.8454849720001220703 1.7435919046401977539 1.6845507621765136719 1.7462166547775268555 1.9179017543792724609 1.8692246675491333008 1.8250764608383178711 1.094905853271484375 -0.21859946846961975098 -1.3717571496963500977 -1.5737847089767456055 -1.2085973024368286133 -2.0138690471649169922 -2.4789309501647949219 -2.4829301834106445312 -2.2455220222473144531 -1.5776269435882568359 -0.97317665815353393555 -0.46858564019203186035 -0.20569777488708496094 -0.1277243494987487793 -0.15975019335746765137 -0.39455717802047729492 -0.85732358694076538086 -1.2856153249740600586 -1.2982270717620849609
-1.136761784553527832 -1.6158783435821533203 -1.7161055803298950195 -1.4128546714782714844 -1.4206719398498535156 -1.3987113237380981445 -1.4057986736297607422 -1.3662698268890380859 -1.116980433464050293 -0.62207400798797607422 0.025351945310831069946 0.74051547050476074219 1.2788509130477905273 1.4977641105651855469 1.7494989633560180664 1.9888211488723754883 2.0527715682983398438 2.0208311080932617188 1.9763568639755249023 1.9085948467254638672 1.7864686250686645508 1.6955128908157348633 1.6834416389465332031 1.8360559940338134766 2.018596649169921875 1.9635659456253051758 1.916400909423828125 1.2264201641082763672 0.3389320075511932373 -0.83128893375396728516 -1.4907336235046386719 -2.1837995052337646484 -2.4302484989166259766 -2.4721484184265136719 -2.4325740337371826172 -2.2788822650909423828 -1.5695556402206420898 -0.92672699689865112305 -0.47025114297866821289 -0.24338886141777038574 -0.2151571810245513916 -0.29587891697883605957 -0.48830828070640563965 -0.77513527870178222656 -1.1204602718353271484 -1.1494070291519165039
-1.5077905654907226562 -1.4774270057678222656 -1.421306610107421875 -1.4433114528656005859 -1.4009314775466918945 -1.3326486349105834961 -1.3395752906799316406 -1.0588341951370239258 -0.55748224258422851562 -0.20087884366512298584 0.18514809012413024902 0.77255994081497192383 1.2413539886474609375 1.5422190427780151367 1.8946301937103271484 2.0578911304473876953 2.0425462722778320312 1.997061610221862793 1.9524502754211425781 1.8679223060607910156 1.7293664216995239258 1.6727484464645385742 1.7225975990295410156 1.9312437772750854492 2.1195046901702880859 2.0642702579498291016 2.015926361083984375 1.5474681854248046875 1.2569485902786254883 0.43604958057403564453 -0.47202530503273010254 -1.5039846897125244141 -2.1202499866485595703 -2.281703948974609375 -2.2149257659912109375 -1.7454407215118408203 -1.1172250509262084961 -0.7741234898567199707 -0.51944804191589355469 -0.47212004661560058594 -0.63468164205551147461 -0.83876490592956542969 -0.90135240554809570312 -1.006373286247253418 -1.1658391952514648438 -1.2556667327880859375
-1.4698678255081176758 -1.4395257234573364258 -1.4461543560028076172 -1.4747450351715087891 -1.4036120176315307617 -1.3188842535018920898 -1.0671619176864624023 -0.57379990816116333008 0.11528853327035903931 0.53789019584655761719 0.87273734807968139648 1.0936098098754882812 1.3511214256286621094 1.6654959917068481445 1.992070317268371582 2.0762653350830078125 2.0249412059783935547 1.9752079248428344727 1.9286487102508544922 1.828716278076171875 1.6876454353332519531 1.6797736883163452148 1.8041558265686035156 2.043048858642578125 2.2202951908111572266 2.1524055004119873047 2.096466064453125 2.0800404548645019531 1.9493714570999145508 1.1674803495407104492 0.15997037291526794434 -0.72224175930023193359 -1.4757199287414550781 -1.7987413406372070312 -1.5061110258102416992 -0.96750211715698242188 -0.71413439512252807617 -0.39890375733375549316 -0.39164629578590393066 -0.83560281991958618164 -1.3057100772857666016 -1.4489159584045410156 -1.3887704610824584961 -1.4985322952270507812 -1.550047755241394043 -1.5143870115280151367
-1.4324944019317626953 -1.3319048881530761719 -1.235369563102722168 -1.3397772312164306641 -1.2150361537933349609 -1.0243085622787475586 -0.54916453361511230469 0.14270415902137756348 0.78361409902572631836 1.2048521041870117188 1.5794587135314941406 1.6960319280624389648 1.6530523300170898438 1.7348242998123168945 2.0309231281280517578 2.1291637420654296875 2.0908718109130859375 1.9946390390396118164 1.9312200546264648438 1.8437521457672119141 1.7159326076507568359 1.7491736412048339844 1.9394117593765258789 2.1656250953674316406 2.2619369029998779297 2.1614933013916015625 2.1101841926574707031 2.1429996490478515625 2.0254116058349609375 1.2017724514007568359 0.16926164925098419189 -0.61635446548461914062 -1.2163002490997314453 -1.0355170965194702148 -0.50097644329071044922 -0.46982109546661376953 -0.38599666953086853027 -0.30296164751052856445 -0.4790191650390625 -0.98561704158782958984 -1.3961229324340820312 -1.3537034988403320312 -1.4267228841781616211 -1.5071871280670166016 -1.6337274312973022461 -1.5576616525650024414
-1.4144484996795654297 -1.346547245979309082 -1.2041600942611694336 -1.1011675596237182617 -1.0949639081954956055 -0.63072407245635986328 0.28228777647018432617 1.0394072532653808594 1.4054666757583618164 1.5964704751968383789 1.9344360828399658203 1.9938942193984985352 1.793208003044128418 1.8841062784194946289 2.0567505359649658203 2.1826648712158203125 2.2831757068634033203 2.0830538272857666016 2.0397741794586181641 2.0603580474853515625 1.9273989200592041016 1.9667884111404418945 2.1851511001586914062 2.1564061641693115234 2.1162481307983398438 2.1167585849761962891 2.1011631488800048828 2.1519401073455810547 1.918784022331237793 1.1789200305938720703 0.1800241619348526001 -0.60204291343688964844 -1.0580459833145141602 -0.77533984184265136719 -0.25618210434913635254 -0.26981428265571594238 -0.20869015157222747803 -0.31284162402153015137 -0.63060843944549560547 -1.1960186958312988281 -1.2765153646469116211 -1.0164297819137573242 -1.0062290430068969727 -1.3399722576141357422 -1.5400444269180297852 -1.4897267818450927734
-1.4946157932281494141 -1.4339412450790405273 -1.2177560329437255859 -0.73931783437728881836 -0.81106859445571899414 0.15011303126811981201 1.0990923643112182617 1.7308840751647949219 1.7094742059707641602 1.5942332744598388672 1.7098351716995239258 1.716405034065246582 1.7417080402374267578 1.8582254648208618164 1.9567310810089111328 2.0359787940979003906 2.1420392990112304688 2.0416722297668457031 2.1940572261810302734 2.3570532798767089844 2.2641756534576416016 2.1655793190002441406 2.1530084609985351562 2.0995285511016845703 2.0567231178283691406 2.0499968528747558594 2.103641510009765625 2.0487236976623535156 1.4543709754943847656 0.95621246099472045898 0.1645094752311706543 -0.66323763132095336914 -0.88932335376739501953 -0.65288573503494262695 -0.45156377553939819336 -0.53674739599227905273 -0.49312457442283630371 -0.53425019979476928711 -0.7367706298828125 -1.1351400613784790039 -1.2653409242630004883 -1.0382536649703979492 -1.0360754728317260742 -1.2742270231246948242 -1.2363108396530151367 -1.4178836345672607422
-1.50803375244140625 -1.2569663524627685547 -0.68453311920166015625 -0.065691351890563964844 0.18088735640048980713 1.3418694734573364258 1.8616800308227539062 1.9178073406219482422 1.6538801193237304688 1.48659515380859375 1.5157014131546020508 1.473115086555480957 1.5737172365188598633 1.8561797142028808594 1.9462925195693969727 1.8965332508087158203 1.9375931024551391602 2.0909161567687988281 2.3162510395050048828 2.5331606864929199219 2.4578456878662109375 2.1433129310607910156 2.0657532215118408203 2.0259606838226318359 1.9868310689926147461 2.0104379653930664062 2.1210370063781738281 1.8050788640975952148 1.010059356689453125 0.3069540560245513916 -0.0026932368054986000061 -0.67633974552154541016 -0.79735046625137329102 -0.78601217269897460938 -0.91877120733261108398 -1.1627228260040283203 -1.251252293586730957 -1.0147149562835693359 -1.1057574748992919922 -1.2547665834426879883 -1.1144669055938720703 -1.0708776712417602539 -1.2762848138809204102 -1.4389832019805908203 -1.5757721662521362305 -1.6236214637756347656
-1.3547022342681884766 -0.73453736305236816406 -0.064350426197052001953 0.58933693170547485352 1.0593291521072387695 1.8220986127853393555 1.7391904592514038086 1.624485015869140625 1.4728977680206298828 1.4357855319976806641 1.4376662969589233398 1.2625004053115844727 1.4218550920486450195 1.7771691083908081055 1.9166914224624633789 1.8524341583251953125 1.9700120687484741211 2.2062036991119384766 2.4443755149841308594 2.6293272972106933594 2.4648163318634033203 1.9703426361083984375 1.8404252529144287109 1.8889904022216796875 1.9527838230133056641 2.0987329483032226562 2.1558752059936523438 1.4472751617431640625 0.49167093634605407715 -0.29713770747184753418 -0.65672540664672851562 -0.86145514249801635742 -1.178150177001953125 -1.5741583108901977539 -1.9727342128753662109 -2.1392436027526855469 -2.2908565998077392578 -2.0304918289184570312 -1.7337921857833862305 -1.6712627410888671875 -1.5987735986709594727 -1.5593023300170898438 -1.6074022054672241211 -1.6585768461227416992 -1.782886505126953125 -1.7623589038848876953
-1.2069869041442871094 -0.40882968902587890625 0.4318059384822845459 1.216074824333190918 1.7452080249786376953 1.9121308326721191406 1.7213155031204223633 1.5552718639373779297 1.4473260641098022461 1.4260300397872924805 1.4181194305419921875 1.2421461343765258789 1.2855056524276733398 1.5271956920623779297 1.7202903032302856445 1.8716914653778076172 2.2295832633972167969 2.4868557453155517578 2.6377270221710205078 2.6694977283477783203 2.3203520774841308594 1.8283132314682006836 1.8157885074615478516 2.0037884712219238281 2.1905159950256347656 2.3491895198822021484 2.0731558799743652344 1.0405646562576293945 -0.11036299914121627808 -0.90583109855651855469 -1.4469274282455444336 -1.7892177104949951172 -2.0392997264862060547 -2.2700631618499755859 -2.5227093696594238281 -2.5142607688903808594 -2.6024000644683837891 -2.4213514328002929688 -2.3669633865356445312 -2.2229528427124023438 -2.0516948699951171875 -1.9437685012817382812 -1.7382514476776123047 -1.5994114875793457031 -1.6355911493301391602 -1.643820643424987793
-1.1905014514923095703 -0.3839276432991027832 0.55856472253799438477 1.5569673776626586914 2.0695176124572753906 1.8677198886871337891 1.6810543537139892578 1.6068630218505859375 1.5692241191864013672 1.4747039079666137695 1.3990683555603027344 1.3027302026748657227 1.3019261360168457031 1.4639209508895874023 1.7129399776458740234 2.0813279151916503906 2.5066208839416503906 2.7186391353607177734 2.7386937141418457031 2.4932341575622558594 2.0334682464599609375 1.7642771005630493164 1.8817549943923950195 2.1100001335144042969 2.3575761318206787109 2.4217827320098876953 1.6560518741607666016 0.48038044571876525879 -0.67576193809509277344 -1.6389502286911010742 -2.2553281784057617188 -2.2880268096923828125 -2.2358345985412597656 -2.2726695537567138672 -2.3915755748748779297 -2.3820638656616210938 -2.6138749122619628906 -2.5906202793121337891 -2.5046565532684326172 -2.1918020248413085938 -2.1211056709289550781 -1.9225230216979980469 -1.6471043825149536133 -1.5361063480377197266 -1.4496430158615112305 -1.3835805654525756836
-1.2315388917922973633 -0.50154232978820800781 0.37132480740547180176 1.3000622987747192383 1.9227052927017211914 1.7982883453369140625 1.7224999666213989258 1.7595578432083129883 1.7209264039993286133 1.5964173078536987305 1.4507976770401000977 1.3978357315063476562 1.3947964906692504883 1.5690488815307617188 1.877993464469909668 2.2332222461700439453 2.4573497772216796875 2.4227995872497558594 2.4274847507476806641 2.2379372119903564453 1.8613703250885009766 1.6949956417083740234 1.8189914226531982422 2.0511882305145263672 2.3911025524139404297 2.3074653148651123047 0.94738185405731201172 -0.33900314569473266602 -1.5221315622329711914 -2.2961366176605224609 -2.3935158252716064453 -1.8081308603286743164 -1.8246018886566162109 -1.8478056192398071289 -1.7253507375717163086 -2.0547301769256591797 -2.1287872791290283203 -2.571506500244140625 -2.3608496189117431641 -2.0964214801788330078 -2.0361108779907226562 -1.8596944808959960938 -1.6746807098388671875 -1.4359598159790039062 -1.2819105386734008789 -1.0661493539810180664
-1.3904777765274047852 -0.79322528839111328125 0.065183609724044799805 0.98676455020904541016 1.6773873567581176758 1.814116358757019043 1.8813564777374267578 1.9256262779235839844 1.8618433475494384766 1.687350153923034668 1.480322718620300293 1.4351837635040283203 1.5015015602111816406 1.7286821603775024414 2.0143399238586425781 2.1957826614379882812 2.1192526817321777344 2.0033919811248779297 1.9444015026092529297 1.8955157995223999023 1.7824262380599975586 1.7144021987915039062 1.7699774503707885742 2.0341644287109375 2.4456555843353271484 1.949502110481262207 0.103751353919506073 -1.4430851936340332031 -2.3457856178283691406 -2.5166180133819580078 -1.7141629457473754883 -1.5894312858581542969 -1.6077196598052978516 -1.5251405239105224609 -1.3990032672882080078 -2.0678741931915283203 -1.6639888286590576172 -2.2960307598114013672 -2.2208001613616943359 -1.986546635627746582 -1.7243884801864624023 -1.7028659582138061523 -1.623923182487487793 -1.5111031532287597656 -1.2539347410202026367 -0.95743483304977416992
-1.5195020437240600586 -0.89535421133041381836 -0.0076304497197270393372 0.92226427793502807617 1.6939220428466796875 1.887943267822265625 2.0342328548431396484 2.0795443058013916016 1.9713991880416870117 1.7593441009521484375 1.5329005718231201172 1.4347573518753051758 1.5852400064468383789 1.8168932199478149414 1.9526071548461914062 1.8823946714401245117 1.7735809087753295898 1.6734029054641723633 1.5888066291809082031 1.5820177793502807617 1.6743828058242797852 1.7213426828384399414 1.7567598819732666016 2.0928785800933837891 2.2349276542663574219 1.1094735860824584961 -0.6778329014778137207 -1.975731968879699707 -2.8184864521026611328 -2.0348162651062011719 -1.5404632091522216797 -1.5088788270950317383 -1.2425171136856079102 -1.336848139762878418 -1.3854135274887084961 -1.3566586971282958984 -1.2257914543151855469 -1.9036768674850463867 -2.1412246227264404297 -1.8742439746856689453 -1.6443580389022827148 -1.6088616847991943359 -1.4589687585830688477 -1.3671182394027709961 -1.079629063606262207 -1.0657569169998168945
-1.5240632295608520508 -1.0247759819030761719 -0.081498108804225921631 1.014992833137512207 1.9301170110702514648 1.9424891471862792969 2.1186783313751220703 2.2042453289031982422 2.0596592426300048828 1.835158228874206543 1.6062967777252197266 1.4945367574691772461 1.6094893217086791992 1.7031359672546386719 1.6732327938079833984 1.6242234706878662109 1.5848419666290283203 1.5363782644271850586 1.5328088998794555664 1.590381622314453125 1.5933566093444824219 1.6772252321243286133 1.8503804206848144531 2.1632242202758789062 2.0752170085906982422 0.66360849142074584961 -0.80642271041870117188 -1.9358822107315063477 -2.6502954959869384766 -1.7220696210861206055 -1.9013223648071289062 -1.8516463041305541992 -1.4108625650405883789 -1.4748156070709228516 -1.39550018310546875 -1.2653104066848754883 -1.3328044414520263672 -1.5016205310821533203 -1.764446258544921875 -1.749190211296081543 -1.6419589519500732422 -1.5196593999862670898 -1.4311237335205078125 -1.1025481224060058594 -0.9788525700569152832 -1.1707882881164550781
-1.5492880344390869141 -1.2668936252593994141 -0.26565328240394592285 1.1747525930404663086 2.08270263671875 2.0607702732086181641 2.1452453136444091797 2.2135713100433349609 2.1438765525817871094 1.9432137012481689453 1.7390540838241577148 1.7466020584106445312 1.8813147544860839844 1.7619709968566894531 1.5622532367706298828 1.5815646648406982422 1.5605447292327880859 1.5090719461441040039 1.5223147869110107422 1.5622582435607910156 1.5308231115341186523 1.7272752523422241211 2.0114033222198486328 2.2617030143737792969 1.7349905967712402344 0.26319587230682373047 -0.97185081243515014648 -1.7570585012435913086 -2.2070720195770263672 -1.7428451776504516602 -1.6910717487335205078 -1.473267674446105957 -1.5575391054153442383 -1.4567879438400268555 -1.4727498292922973633 -1.2750710248947143555 -1.4209557771682739258 -2.0435817241668701172 -1.8483042716979980469 -1.8258242607116699219 -1.6476521492004394531 -1.4332596063613891602 -1.4195479154586791992 -1.1124329566955566406 -1.2732071876525878906 -1.4140859842300415039
-1.376318812370300293 -0.9651648402214050293 -0.036643575876951217651 1.2709925174713134766 2.1418752670288085938 2.1266946792602539062 2.0826735496520996094 2.0830714702606201172 2.1406078338623046875 2.0493526458740234375 1.8871741294860839844 1.980227351188659668 2.0401098728179931641 1.8751444816589355469 1.5996177196502685547 1.4670931100845336914 1.3854166269302368164 1.3874286413192749023 1.5076249837875366211 1.4873650074005126953 1.458251953125 1.6675593852996826172 2.1167359352111816406 2.3320372104644775391 1.2918516397476196289 -0.047635708004236221313 -1.1700749397277832031 -1.5019456148147583008 -1.963435053825378418 -2.0164666175842285156 -1.625560760498046875 -1.5147891044616699219 -1.602099299430847168 -1.5050259828567504883 -1.4873464107513427734 -1.5012810230255126953 -1.427643895149230957 -1.6516410112380981445 -1.9362257719039916992 -1.9872040748596191406 -1.8884295225143432617 -1.6843543052673339844 -1.6163982152938842773 -1.6071567535400390625 -1.609801173210144043 -1.6351869106292724609
