data/oyster_dem_buf.asc
ncols        259
nrows        149
xllcorner    -9051628.873678505421
yllcorner    3492744.042225801852
cellsize     1.157226984026
NODATA_value  nan
[rows 0 to 19 of 149, columns 92 to 137 of 259]
2.3758826255798339844 2.3969862461090087891 2.3933920860290527344 2.3638927936553955078 2.3455338478088378906 2.3642747402191162109 2.3917915821075439453 2.4189813137054443359 2.3926341533660888672 2.3532183170318603516 2.3288595676422119141 2.2161393165588378906 2.0872793197631835938 1.964609980583190918 1.8537076711654663086 1.7968952655792236328 1.7549216747283935547 1.7156242132186889648 1.6685718297958374023 -99 -99 -99 -99 -99 -99 -99 -99 -99 -99 -99 -99 -99 -99 -99 -99 1.5954396724700927734 1.5840890407562255859 1.5548343658447265625 1.5947339534759521484 1.6061952114105224609 1.6040683984756469727 1.6800379753112792969 1.9346158504486083984 2.3290317058563232422 2.541477203369140625 2.5923495292663574219
2.4039163589477539062 2.4722292423248291016 2.4804465770721435547 2.3968241214752197266 2.29708099365234375 2.2614295482635498047 2.2735760211944580078 2.3250966072082519531 2.3301393985748291016 2.300052642822265625 2.2591679096221923828 2.1134519577026367188 1.9483976364135742188 1.8337448835372924805 1.7630023956298828125 1.7178072929382324219 1.672972559928894043 1.6496071815490722656 1.6341565847396850586 1.6358133554458618164 -99 -99 -99 -99 -99 -99 -99 -99 -99 -99 -99 -99 -99 -99 1.6397829055786132812 1.6592766046524047852 1.6177179813385009766 1.60416412353515625 1.6414872407913208008 1.6065962314605712891 1.5721219778060913086 1.678506016731262207 1.9865581989288330078 2.3814232349395751953 2.5974390506744384766 2.615703582763671875
2.3810131549835205078 2.4166445732116699219 2.4170119762420654297 2.3376400470733642578 2.2438383102416992188 2.2022440433502197266 2.2136409282684326172 2.2622988224029541016 2.2855641841888427734 2.2716195583343505859 2.2039840221405029297 2.0263817310333251953 1.8350815773010253906 1.7198734283447265625 1.6804883480072021484 1.6630257368087768555 1.6386761665344238281 1.612904667854309082 1.5918741226196289062 1.6000713109970092773 -99 -99 -99 -99 -99 -99 -99 -99 -99 -99 -99 -99 1.6535365581512451172 1.7206962108612060547 1.7346435785293579102 1.7210463285446166992 1.6589487791061401367 1.654290318489074707 1.6477658748626708984 1.5899618864059448242 1.5982397794723510742 1.7941637039184570312 2.1233725547790527344 2.4599499702453613281 2.6371099948883056641 2.6597802639007568359
2.3363406658172607422 2.301258087158203125 2.2567541599273681641 2.2287511825561523438 2.2167532444000244141 2.2244839668273925781 2.2574911117553710938 2.2750494480133056641 2.2641665935516357422 2.2104256153106689453 2.1198174953460693359 1.9009515047073364258 1.7253774404525756836 1.6674400568008422852 1.6654484272003173828 1.6822960376739501953 1.6693454980850219727 1.63922882080078125 1.6059767007827758789 1.5805716514587402344 -99 -99 -99 -99 -99 -99 -99 -99 1.2729600667953491211 1.31463623046875 1.4084297418594360352 1.5291575193405151367 1.651005864143371582 1.7723573446273803711 1.7982801198959350586 1.7472413778305053711 1.6619704961776733398 1.6614133119583129883 1.6684464216232299805 1.7026312351226806641 1.8472820520401000977 2.0704939365386962891 2.3021991252899169922 2.5313022136688232422 2.6711440086364746094 2.7055673599243164062
2.2901508808135986328 2.2300384044647216797 2.1887114048004150391 2.2012836933135986328 2.21974945068359375 2.2398097515106201172 2.2563605308532714844 2.2494685649871826172 2.2442023754119873047 2.1692118644714355469 2.0134496688842773438 1.8100712299346923828 1.6892771720886230469 1.6554236412048339844 1.6592276096343994141 1.6996793746948242188 1.678488612174987793 1.6319768428802490234 1.6167391538619995117 1.622082829475402832 1.6126992702484130859 1.5927566289901733398 1.5661265850067138672 1.532792210578918457 1.4983121156692504883 1.465424656867980957 1.4337786436080932617 1.4061559438705444336 1.3752969503402709961 1.3827342987060546875 1.4721153974533081055 1.5791616439819335938 1.6671012639999389648 1.7767000198364257812 1.8552746772766113281 1.8068197965621948242 1.7206186056137084961 1.6986253261566162109 1.7138901948928833008 1.843493342399597168 2.0736835002899169922 2.2928786277770996094 2.4555418491363525391 2.5760624408721923828 2.6959691047668457031 2.7523565292358398438
2.2679364681243896484 2.2574179172515869141 2.2387712001800537109 2.2131097316741943359 2.1973731517791748047 2.2120106220245361328 2.2039439678192138672 2.1833255290985107422 2.2276322841644287109 2.22042083740234375 2.0601422786712646484 1.8547570705413818359 1.7384467124938964844 1.6791059970855712891 1.6636767387390136719 1.7360540628433227539 1.7624357938766479492 1.6907260417938232422 1.6371759176254272461 1.6154644489288330078 1.5837608575820922852 1.5739411115646362305 1.5653054714202880859 1.5377788543701171875 1.5037161111831665039 1.4708555936813354492 1.4326800107955932617 1.4161127805709838867 1.4612582921981811523 1.5026106834411621094 1.5525985956192016602 1.6175023317337036133 1.6639634370803833008 1.7880349159240722656 2.0035345554351806641 2.0423600673675537109 1.9127080440521240234 1.8275210857391357422 1.792606353759765625 1.9344371557235717773 2.1686697006225585938 2.3902611732482910156 2.5262894630432128906 2.5892300605773925781 2.6311817169189453125 2.6841893196105957031
2.2881081104278564453 2.2578473091125488281 2.2173075675964355469 2.1748640537261962891 2.1619451045989990234 2.197643280029296875 2.2066004276275634766 2.2102758884429931641 2.2768883705139160156 2.3028368949890136719 2.1533946990966796875 1.9146585464477539062 1.7588849067687988281 1.7116575241088867188 1.7177196741104125977 1.7499985694885253906 1.7440724372863769531 1.6627184152603149414 1.6168351173400878906 1.5852843523025512695 1.5319669246673583984 1.524203181266784668 1.539826512336730957 1.5363221168518066406 1.5111738443374633789 1.4714944362640380859 1.4310594797134399414 1.4653043746948242188 1.5689146518707275391 1.6259202957153320312 1.6136548519134521484 1.6474761962890625 1.7494140863418579102 1.9630112648010253906 2.2302100658416748047 2.2690570354461669922 2.1645748615264892578 2.0886232852935791016 1.9778860807418823242 2.0458714962005615234 2.2032332420349121094 2.3489286899566650391 2.4628272056579589844 2.5270771980285644531 2.5286610126495361328 2.4900002479553222656
2.3030157089233398438 2.3022227287292480469 2.315845489501953125 2.2822763919830322266 2.219478607177734375 2.2025132179260253906 2.2277970314025878906 2.272594451904296875 2.3406908512115478516 2.4062495231628417969 2.3305828571319580078 2.0822837352752685547 1.8392735719680786133 1.729838252067565918 1.7279142141342163086 1.7257987260818481445 1.6778061389923095703 1.628121495246887207 1.6082081794738769531 1.5726220607757568359 1.5139847993850708008 1.4928417205810546875 1.5037232637405395508 1.5119403600692749023 1.5069582462310791016 1.5113708972930908203 1.4853290319442749023 1.5262598991394042969 1.6463019847869873047 1.6710420846939086914 1.6593974828720092773 1.7395737171173095703 1.8965431451797485352 2.1386542320251464844 2.3546016216278076172 2.4247124195098876953 2.4445950984954833984 2.3711636066436767578 2.1855893135070800781 2.2364816665649414062 2.374309539794921875 2.4653909206390380859 2.5204415321350097656 2.5364680290222167969 2.4667284488677978516 2.0983891487121582031
2.4446370601654052734 2.4828674793243408203 2.47351837158203125 2.3686635494232177734 2.2264726161956787109 2.1696019172668457031 2.2128896713256835938 2.2962801456451416016 2.3930745124816894531 2.4437797069549560547 2.3615484237670898438 2.1540305614471435547 1.9264053106307983398 1.7959637641906738281 1.7912008762359619141 1.7816904783248901367 1.6810716390609741211 1.5968902111053466797 1.5533035993576049805 1.5294765233993530273 1.5181088447570800781 1.5186895132064819336 1.5128910541534423828 1.5200856924057006836 1.4986019134521484375 1.5290786027908325195 1.5884417295455932617 1.6316096782684326172 1.674912571907043457 1.6821055412292480469 1.7609544992446899414 1.9087501764297485352 2.0241727828979492188 2.1994845867156982422 2.3769404888153076172 2.5064260959625244141 2.5904376506805419922 2.5312223434448242188 2.4064564704895019531 2.3712000846862792969 2.3636190891265869141 2.2946026325225830078 2.1677720546722412109 2.0443255901336669922 1.8370454311370849609 1.4131994247436523438
2.5686764717102050781 2.5828030109405517578 2.5357706546783447266 2.4566669464111328125 2.3054287433624267578 2.1610362529754638672 2.1635904312133789062 2.2512111663818359375 2.3581297397613525391 2.4214076995849609375 2.3430495262145996094 2.1939473152160644531 2.0592021942138671875 1.9439229965209960938 1.8482297658920288086 1.7641174793243408203 1.6534078121185302734 1.5607199668884277344 1.5080448389053344727 1.5163259506225585938 1.5612312555313110352 1.5926485061645507812 1.5882700681686401367 1.5529602766036987305 1.4989292621612548828 1.5122594833374023438 1.6024140119552612305 1.6974791288375854492 1.7782156467437744141 1.8632515668869018555 1.9973250627517700195 2.1595318317413330078 2.2569918632507324219 2.3591425418853759766 2.4177975654602050781 2.3423116207122802734 2.2552797794342041016 2.1268079280853271484 1.9771873950958251953 1.8181587457656860352 1.6714453697204589844 1.4817365407943725586 1.2414326667785644531 1.0187098979949951172 0.72873300313949584961 0.41205078363418579102
2.5987949371337890625 2.6002142429351806641 2.549983978271484375 2.4730989933013916016 2.3314330577850341797 2.1854391098022460938 2.1762082576751708984 2.2610070705413818359 2.3243815898895263672 2.3627178668975830078 2.3413541316986083984 2.23790740966796875 2.1011629104614257812 1.9413890838623046875 1.7848230600357055664 1.6839596033096313477 1.6349974870681762695 1.5975660085678100586 1.5626039505004882812 1.5527362823486328125 1.5855231285095214844 1.6114454269409179688 1.632081151008605957 1.6212667226791381836 1.5984653234481811523 1.6102050542831420898 1.7089961767196655273 1.8707337379455566406 2.0355377197265625 2.1684579849243164062 2.2530760765075683594 2.3558402061462402344 2.4316716194152832031 2.4820616245269775391 2.3094377517700195312 1.8350931406021118164 1.532818913459777832 1.3606789112091064453 1.1611666679382324219 0.92468774318695068359 0.69886744022369384766 0.45483002066612243652 0.15744501352310180664 -0.13334707915782928467 -0.45555487275123596191 -0.69627708196640014648
2.4294722080230712891 2.5280210971832275391 2.5114080905914306641 2.4676148891448974609 2.3489594459533691406 2.2381641864776611328 2.2648546695709228516 2.3867485523223876953 2.4329969882965087891 2.391101837158203125 2.3257658481597900391 2.2394552230834960938 2.1009795665740966797 1.8941318988800048828 1.7655926942825317383 1.7107450962066650391 1.6557354927062988281 1.5755618810653686523 1.5094724893569946289 1.4989485740661621094 1.5435895919799804688 1.5818071365356445312 1.6209393739700317383 1.6493092775344848633 1.6612620353698730469 1.7165380716323852539 1.8973499536514282227 2.0959758758544921875 2.2529861927032470703 2.3781640529632568359 2.4387705326080322266 2.5008206367492675781 2.5811178684234619141 2.4613106250762939453 1.9708368778228759766 1.2706072330474853516 0.73535531759262084961 0.51573193073272705078 0.29930934309959411621 0.021659536287188529968 -0.25153008103370666504 -0.54538387060165405273 -0.87524211406707763672 -1.1690348386764526367 -1.3606541156768798828 -1.4597060680389404297
1.7232915163040161133 2.1392467021942138672 2.2779340744018554688 2.3155848979949951172 2.3052873611450195312 2.3150043487548828125 2.4308347702026367188 2.5825469493865966797 2.6302380561828613281 2.5552382469177246094 2.4045190811157226562 2.2880115509033203125 2.1461904048919677734 1.930899500846862793 1.7959604263305664062 1.7410274744033813477 1.6852470636367797852 1.5701632499694824219 1.4941315650939941406 1.5387599468231201172 1.6037296056747436523 1.6197165250778198242 1.6033806800842285156 1.6013085842132568359 1.6283102035522460938 1.7313125133514404297 2.0096716880798339844 2.2711958885192871094 2.4171051979064941406 2.5008413791656494141 2.5292665958404541016 2.5308177471160888672 2.4673562049865722656 2.15720367431640625 1.5024226903915405273 0.71340483427047729492 -0.027701091021299362183 -0.39783510565757751465 -0.61611145734786987305 -0.87066304683685302734 -1.1042232513427734375 -1.3423066139221191406 -1.4665032625198364258 -1.5703890323638916016 -1.5923353433609008789 -1.3584381341934204102
0.64206367731094360352 1.1816402673721313477 1.4126298427581787109 1.2476568222045898438 1.3287585973739624023 1.810992121696472168 2.3396425247192382812 2.7269301414489746094 2.7963550090789794922 2.6698732376098632812 2.5374977588653564453 2.4215099811553955078 2.2375965118408203125 2.0011084079742431641 1.8423057794570922852 1.7486177682876586914 1.6654376983642578125 1.5733256340026855469 1.537369847297668457 1.5735676288604736328 1.5928173065185546875 1.5764659643173217773 1.5382621288299560547 1.6063979864120483398 1.7527327537536621094 1.8928998708724975586 2.1457235813140869141 2.3650279045104980469 2.4579503536224365234 2.5050733089447021484 2.2979454994201660156 2.033172607421875 1.7743209600448608398 1.3887174129486083984 0.79648226499557495117 0.048705935478210449219 -0.69041347503662109375 -1.1214272975921630859 -1.284445643424987793 -1.3855147361755371094 -1.4280574321746826172 -1.6069161891937255859 -1.4805819988250732422 -1.3751683235168457031 -1.3983380794525146484 -1.1192544698715209961
-0.37677323818206787109 -0.030551342293620109558 -0.14257955551147460938 -0.44365534186363220215 0.12686257064342498779 1.1269199848175048828 1.7434548139572143555 2.0321421623229980469 2.2507541179656982422 2.4673388004302978516 2.5686914920806884766 2.5191762447357177734 2.3415534496307373047 2.1126375198364257812 1.9067915678024291992 1.7359178066253662109 1.6169611215591430664 1.544647216796875 1.5244617462158203125 1.5613141059875488281 1.5833610296249389648 1.5961639881134033203 1.6272786855697631836 1.7779314517974853516 1.988877415657043457 2.1258473396301269531 2.2704465389251708984 2.3933241367340087891 2.4357621669769287109 2.3007049560546875 1.7675178050994873047 1.2472733259201049805 0.89149659872055053711 0.48643592000007629395 -0.049100201576948165894 -0.69239413738250732422 -1.2461210489273071289 -1.4663559198379516602 -1.3542846441268920898 -1.3475801944732666016 -1.3002398014068603516 -1.5089470148086547852 -1.3924727439880371094 -1.1799159049987792969 -1.2178267240524291992 -1.0278372764587402344
-0.83242404460906982422 -0.84084349870681762695 -0.98839652538299560547 -0.99551683664321899414 -0.45501124858856201172 0.23794460296630859375 0.54909014701843261719 0.68589937686920166016 1.1355375051498413086 1.9133586883544921875 2.4328801631927490234 2.4928226470947265625 2.322422027587890625 2.1330876350402832031 1.9631769657135009766 1.7711101770401000977 1.6370545625686645508 1.5956312417984008789 1.5910613536834716797 1.6016081571578979492 1.6381239891052246094 1.7333539724349975586 1.8512513637542724609 2.0217974185943603516 2.2174253463745117188 2.3351514339447021484 2.4093387126922607422 2.4521839618682861328 2.392375946044921875 1.917236328125 1.1027762889862060547 0.42392545938491821289 0.0067169964313507080078 -0.37765720486640930176 -0.86432874202728271484 -1.3056365251541137695 -1.617359161376953125 -1.4588400125503540039 -1.2428992986679077148 -1.4010525941848754883 -1.3156529664993286133 -1.3212594985961914062 -1.4269300699234008789 -1.1236083507537841797 -1.2029517889022827148 -1.1522774696350097656
-0.88619619607925415039 -0.83561718463897705078 -0.94239604473114013672 -1.0571851730346679688 -0.97044706344604492188 -0.76394599676132202148 -0.6326382756233215332 -0.44706562161445617676 0.087105326354503631592 0.98760855197906494141 2.0170838832855224609 2.4881529808044433594 2.3934574127197265625 2.2276301383972167969 2.0683887004852294922 1.858979344367980957 1.7398411035537719727 1.7168916463851928711 1.686448216438293457 1.6767520904541015625 1.6833870410919189453 1.7864809036254882812 1.9946994781494140625 2.2138438224792480469 2.4088268280029296875 2.5211215019226074219 2.5562958717346191406 2.4507281780242919922 2.1694612503051757812 1.3395695686340332031 0.34949725866317749023 -0.41223561763763427734 -0.87074971199035644531 -1.1867315769195556641 -1.4527031183242797852 -1.3548282384872436523 -1.4646503925323486328 -1.5866507291793823242 -1.5380148887634277344 -1.621571660041809082 -1.4060529470443725586 -1.0728137493133544922 -1.1291345357894897461 -0.93585354089736938477 -0.97747975587844848633 -0.95322060585021972656
-0.87569814920425415039 -0.82249361276626586914 -0.87028205394744873047 -0.97252875566482543945 -1.0987888574600219727 -1.1412855386734008789 -1.0549484491348266602 -0.91970402002334594727 -0.68987143039703369141 0.10466129332780838013 1.6698896884918212891 2.5537121295928955078 2.5521111488342285156 2.4420347213745117188 2.2777762413024902344 2.0228772163391113281 1.8441597223281860352 1.7904857397079467773 1.7576804161071777344 1.7658593654632568359 1.8551011085510253906 2.0476152896881103516 2.2682583332061767578 2.4416744709014892578 2.5533330440521240234 2.5169737339019775391 2.1907436847686767578 1.7882685661315917969 1.4011722803115844727 0.58336937427520751953 -0.42065766453742980957 -1.0167180299758911133 -1.3124779462814331055 -1.5484743118286132812 -1.7236522436141967773 -1.3783663511276245117 -1.2756433486938476562 -1.6389982700347900391 -1.8471373319625854492 -1.8810888528823852539 -1.4765260219573974609 -1.2013927698135375977 -1.3542966842651367188 -0.98209869861602783203 -0.89481115341186523438 -0.81117826700210571289
-0.9687862396240234375 -0.94763380289077758789 -0.9742177128791809082 -1.146451115608215332 -1.2027701139450073242 -1.1911395788192749023 -1.130237579345703125 -1.0840097665786743164 -0.9609495997428894043 -0.061337683349847793579 1.6049735546112060547 2.5022091865539550781 2.5525789260864257812 2.5096108913421630859 2.3487193584442138672 2.1208086013793945312 1.951411128044128418 1.8707711696624755859 1.8851556777954101562 2.0164406299591064453 2.1882753372192382812 2.351902008056640625 2.4778845310211181641 2.5756118297576904297 2.5608468055725097656 2.2004094123840332031 1.5156171321868896484 0.87979638576507568359 0.41707530617713928223 -0.32891067862510681152 -1.077080845832824707 -1.2895410060882568359 -1.4272800683975219727 -1.6541992425918579102 -1.8646552562713623047 -1.5058575868606567383 -1.4175393581390380859 -1.6404504776000976562 -1.8061488866806030273 -1.9435324668884277344 -1.5726517438888549805 -1.2346585988998413086 -1.6374307870864868164 -1.7174185514450073242 -1.2742021083831787109 -0.94476622343063354492
-1.1439000368118286133 -1.1428759098052978516 -1.0561193227767944336 -1.1087298393249511719 -1.0701291561126708984 -1.1000038385391235352 -1.1996431350708007812 -1.2308608293533325195 -1.2122815847396850586 -0.51661080121994018555 0.9128792881965637207 1.9852428436279296875 2.4579458236694335938 2.5610079765319824219 2.4304506778717041016 2.2898716926574707031 2.1810996532440185547 2.0896823406219482422 2.0937035083770751953 2.2475984096527099609 2.4070463180541992188 2.5346062183380126953 2.6194796562194824219 2.6356668472290039062 2.3956868648529052734 1.6639627218246459961 0.76210135221481323242 0.038825407624244689941 -0.51512742042541503906 -1.1819157600402832031 -1.5398041009902954102 -1.4455542564392089844 -1.4859157800674438477 -1.6926560401916503906 -1.91002655029296875 -1.8704451322555541992 -1.8436086177825927734 -1.8154013156890869141 -1.6435387134552001953 -1.6949067115783691406 -1.4780722856521606445 -1.1975282430648803711 -1.7568609714508056641 -2.2245776653289794922 -2.0874140262603759766 -1.792433619499206543
