data/oyster_dem_buf.asc
ncols        259
nrows        149
xllcorner    -9051628.873678505421
yllcorner    3492744.042225801852
cellsize     1.157226984026
NODATA_value  nan
[rows 100 to 119 of 149, columns 46 to 91 of 259]
-1.1436648368835449219 -1.155257105827331543 -1.1357673406600952148 -0.62413537502288818359 0.33627820014953613281 1.4486677646636962891 2.0092747211456298828 2.1259226799011230469 2.1871047019958496094 2.1593673229217529297 2.0160949230194091797 1.8328214883804321289 1.7480591535568237305 1.8553806543350219727 2.0927541255950927734 2.3400855064392089844 2.5136649608612060547 2.5922882556915283203 2.6205921173095703125 2.5850086212158203125 2.4172072410583496094 2.0100529193878173828 0.85457271337509155273 -0.62021720409393310547 -1.5588736534118652344 -1.7225800752639770508 -1.6785210371017456055 -1.5891634225845336914 -1.3650919198989868164 -0.67880475521087646484 0.2901363372802734375 0.83304953575134277344 1.2675006389617919922 1.6640679836273193359 1.9072796106338500977 2.1422066688537597656 2.1684246063232421875 1.619232177734375 1.1818668842315673828 1.0751563310623168945 0.7470493316650390625 0.27657723426818847656 -0.2894872128963470459 -0.9623972773551940918 -1.5002148151397705078 -1.7426573038101196289
-1.136563420295715332 -1.1730910539627075195 -1.1137053966522216797 -0.66517835855484008789 0.41193675994873046875 1.6198000907897949219 2.1470234394073486328 2.2181949615478515625 2.2038466930389404297 2.1384575366973876953 1.9614772796630859375 1.7792259454727172852 1.7470736503601074219 1.8733885288238525391 2.0726163387298583984 2.2904572486877441406 2.4605994224548339844 2.5544314384460449219 2.5690283775329589844 2.5486395359039306641 2.4240000247955322266 2.2158977985382080078 1.5705029964447021484 0.12736292183399200439 -1.1465167999267578125 -1.6905916929244995117 -1.7913274765014648438 -1.7347350120544433594 -1.5153275728225708008 -1.0446517467498779297 -0.20556861162185668945 0.2759640812873840332 0.72096979618072509766 1.0354381799697875977 1.0946635007858276367 1.0525507926940917969 1.0129178762435913086 0.51443392038345336914 0.19694520533084869385 0.26556637883186340332 0.070987120270729064941 -0.10333908349275588989 -0.33827805519104003906 -0.95131504535675048828 -1.3895784616470336914 -1.5739797353744506836
-1.073479771614074707 -0.99497061967849731445 -0.65971493721008300781 0.13640931248664855957 1.2948715686798095703 1.9268033504486083984 2.2119681835174560547 2.3067324161529541016 2.2209844589233398438 2.0844473838806152344 1.9064748287200927734 1.7606931924819946289 1.7918884754180908203 1.9545774459838867188 2.1357123851776123047 2.3024306297302246094 2.4044311046600341797 2.5311827659606933594 2.5378785133361816406 2.5271592140197753906 2.5229747295379638672 2.4638071060180664062 2.2468359470367431641 1.23181915283203125 -0.28072336316108703613 -1.3792721033096313477 -1.7944443225860595703 -1.8297569751739501953 -1.6255593299865722656 -1.3261066675186157227 -0.77809411287307739258 -0.26700627803802490234 0.16925254464149475098 0.40130013227462768555 0.26165822148323059082 -0.14907319843769073486 -0.33953565359115600586 -0.65152579545974731445 -0.80233484506607055664 -0.49074184894561767578 -0.38027927279472351074 -0.26135581731796264648 -0.28051844239234924316 -0.71118056774139404297 -1.1034872531890869141 -1.3379949331283569336
-0.71914410591125488281 -0.18957641720771789551 0.35806512832641601562 1.1486302614212036133 1.8073638677597045898 2.0459320545196533203 2.2425696849822998047 2.3271098136901855469 2.2022023200988769531 2.0510623455047607422 1.8708444833755493164 1.7713581323623657227 1.8626911640167236328 2.0372030735015869141 2.1985683441162109375 2.2606027126312255859 2.2851092815399169922 2.5112552642822265625 2.5915632247924804688 2.5786387920379638672 2.6482350826263427734 2.6142525672912597656 2.3919894695281982422 1.5156307220458984375 0.12293417751789093018 -0.95678085088729858398 -1.6364548206329345703 -1.8125987052917480469 -1.6154536008834838867 -1.497301936149597168 -1.2348402738571166992 -0.80483853816986083984 -0.37238511443138122559 -0.22838053107261657715 -0.51352792978286743164 -1.0743354558944702148 -1.1103289127349853516 -1.2763015031814575195 -1.4214943647384643555 -1.0510948896408081055 -0.75736635923385620117 -0.45895686745643615723 -0.29111826419830322266 -0.66280859708786010742 -1.2005887031555175781 -1.3158448934555053711
-0.67845416069030761719 0.30442464351654052734 1.2622227668762207031 1.7334302663803100586 1.9400609731674194336 2.0985414981842041016 2.2660131454467773438 2.2980482578277587891 2.1954176425933837891 2.0723521709442138672 1.8726556301116943359 1.797331690788269043 1.9477291107177734375 2.1072716712951660156 2.1881732940673828125 2.1309568881988525391 2.1717920303344726562 2.4933948516845703125 2.6966967582702636719 2.6565816402435302734 2.6750934123992919922 2.6664524078369140625 2.4178268909454345703 1.6328616142272949219 0.47845160961151123047 -0.54382091760635375977 -1.3452308177947998047 -1.7500996589660644531 -1.6063596010208129883 -1.5295242071151733398 -1.3779891729354858398 -1.2049908638000488281 -0.98254382610321044922 -1.000346064567565918 -1.1487934589385986328 -1.2943359613418579102 -1.2619631290435791016 -1.4031205177307128906 -1.696422576904296875 -1.4989829063415527344 -1.1584633588790893555 -0.73290979862213134766 -0.66352993249893188477 -1.0505840778350830078 -1.4410110712051391602 -1.3144832849502563477
-1.0295627117156982422 -0.44160223007202148438 0.77356505393981933594 1.8296396732330322266 2.0790011882781982422 2.2014887332916259766 2.2557702064514160156 2.2809431552886962891 2.2653722763061523438 2.0994887351989746094 1.9120789766311645508 1.8822839260101318359 2.0350975990295410156 2.1181020736694335938 2.0730614662170410156 1.9713499546051025391 2.0814032554626464844 2.4668664932250976562 2.7685430049896240234 2.7584414482116699219 2.6868188381195068359 2.6943869590759277344 2.4875214099884033203 1.8266055583953857422 0.77887588739395141602 -0.13478825986385345459 -0.95402365922927856445 -1.6109052896499633789 -1.5957674980163574219 -1.4682599306106567383 -1.1629796028137207031 -1.0374591350555419922 -1.0505821704864501953 -1.1322178840637207031 -1.2292802333831787109 -1.2141199111938476562 -1.3139580488204956055 -1.5477476119995117188 -1.7720360755920410156 -1.637298583984375 -1.4674217700958251953 -1.2360107898712158203 -1.2911413908004760742 -1.5750494003295898438 -1.7562539577484130859 -1.583712458610534668
-1.171740412712097168 -0.80212008953094482422 0.53029930591583251953 1.8319143056869506836 2.1689736843109130859 2.2793874740600585938 2.3210413455963134766 2.3500192165374755859 2.2042410373687744141 1.6936832666397094727 1.3762710094451904297 1.4932106733322143555 1.8252309560775756836 2.0291419029235839844 1.9293520450592041016 1.8233542442321777344 2.0135750770568847656 2.4065823554992675781 2.7493603229522705078 2.8205974102020263672 2.7249135971069335938 2.7550342082977294922 2.5762102603912353516 2.0459711551666259766 1.1337441205978393555 0.31946718692779541016 -0.59777295589447021484 -1.4461878538131713867 -1.6033128499984741211 -1.3410618305206298828 -0.95868062973022460938 -0.76413100957870483398 -0.9111423492431640625 -1.0491387844085693359 -1.1651692390441894531 -1.2435431480407714844 -1.582251429557800293 -1.7511390447616577148 -1.8222756385803222656 -1.7363903522491455078 -1.7373718023300170898 -1.6906553506851196289 -1.7453722953796386719 -1.6829044818878173828 -1.6119202375411987305 -1.5385773181915283203
-1.1527594327926635742 -0.56595569849014282227 0.89268988370895385742 1.985436558723449707 2.2089731693267822266 2.3235218524932861328 2.3967463970184326172 2.3131070137023925781 1.7400442361831665039 0.59606575965881347656 0.30641579627990722656 0.75667703151702880859 1.5147811174392700195 1.9938064813613891602 1.925612330436706543 1.7760624885559082031 2.0101740360260009766 2.3601195812225341797 2.7005288600921630859 2.8588004112243652344 2.7934956550598144531 2.7664437294006347656 2.6323564052581787109 2.3285336494445800781 1.5747765302658081055 0.62281560897827148438 -0.41238921880722045898 -1.3486249446868896484 -1.622468113899230957 -1.314196467399597168 -1.2124632596969604492 -0.93825834989547729492 -0.91778838634490966797 -0.98769670724868774414 -1.229915618896484375 -1.3819664716720581055 -1.5329277515411376953 -1.6257028579711914062 -1.733170628547668457 -1.6652492284774780273 -1.8605990409851074219 -1.689516901969909668 -1.5493073463439941406 -1.4808996915817260742 -1.3470493555068969727 -1.4260526895523071289
-1.0232390165328979492 -0.47489479184150695801 0.7422345280647277832 1.6272886991500854492 1.9724730253219604492 2.2325098514556884766 2.3466274738311767578 2.0940942764282226562 0.79132580757141113281 -0.49851629137992858887 -0.61761128902435302734 0.24226528406143188477 1.3597517013549804688 1.9129570722579956055 2.0017235279083251953 1.884357452392578125 2.0874874591827392578 2.4222693443298339844 2.7396645545959472656 2.8702330589294433594 2.81688690185546875 2.7203469276428222656 2.6410684585571289062 2.4217886924743652344 1.7327719926834106445 0.76273709535598754883 -0.29425701498985290527 -1.2730875015258789062 -1.7097660303115844727 -1.5136946439743041992 -1.3715471029281616211 -1.1805882453918457031 -1.1705029010772705078 -1.1551368236541748047 -1.3794652223587036133 -1.5197435617446899414 -1.3955940008163452148 -1.4380220174789428711 -1.6375194787979125977 -1.6520905494689941406 -1.6792659759521484375 -1.5313245058059692383 -1.2271263599395751953 -1.2678779363632202148 -1.3356270790100097656 -1.4719933271408081055
-0.98607498407363891602 -0.68245840072631835938 0.044281348586082458496 0.7936566472053527832 1.2994749546051025391 1.6873062849044799805 1.7388352155685424805 1.6185575723648071289 -0.19542886316776275635 -1.3329557180404663086 -1.0589257478713989258 0.13381659984588623047 1.2712252140045166016 1.7651516199111938477 1.9544302225112915039 2.0214626789093017578 2.2040336132049560547 2.6250717639923095703 2.9728167057037353516 2.9216327667236328125 2.7086691856384277344 2.5700757503509521484 2.5399160385131835938 2.1300923824310302734 1.5010025501251220703 0.66038036346435546875 -0.26378673315048217773 -1.1643571853637695312 -1.7079663276672363281 -1.6169388294219970703 -1.5064882040023803711 -1.4100630283355712891 -1.5280582904815673828 -1.5045005083084106445 -1.6371914148330688477 -1.4968498945236206055 -1.2081969976425170898 -1.2808191776275634766 -1.6588492393493652344 -1.7047297954559326172 -1.4506475925445556641 -1.4508539438247680664 -1.4955788850784301758 -1.4499074220657348633 -1.4158202409744262695 -1.4297056198120117188
-0.96326589584350585938 -0.88629174232482910156 -0.6702067255973815918 -0.035220075398683547974 0.58431398868560791016 0.81622850894927978516 0.57628601789474487305 0.39433580636978149414 -1.1359286308288574219 -1.5141692161560058594 -0.74763607978820800781 0.33820542693138122559 1.1885405778884887695 1.6032243967056274414 1.80435943603515625 1.9692451953887939453 2.0906975269317626953 2.3776276111602783203 2.7221047878265380859 2.6751739978790283203 2.3062846660614013672 2.1836485862731933594 2.0749201774597167969 1.5497522354125976562 1.0191019773483276367 0.36697781085968017578 -0.4403750002384185791 -1.2235319614410400391 -1.5586146116256713867 -1.5251364707946777344 -1.5584115982055664062 -1.5794801712036132812 -1.776450037956237793 -1.7575979232788085938 -1.6044857501983642578 -1.1395869255065917969 -0.89113390445709228516 -1.2040327787399291992 -1.5524245500564575195 -1.5077788829803466797 -1.2747035026550292969 -1.1393965482711791992 -1.2550313472747802734 -1.5465455055236816406 -1.4768583774566650391 -1.31388092041015625
-0.73760247230529785156 -0.77719205617904663086 -0.93931365013122558594 -0.585018157958984375 -0.11910224705934524536 -0.11577413231134414673 -0.55883377790451049805 -0.96734333038330078125 -1.5276807546615600586 -1.0165576934814453125 -0.030673209577798843384 0.75771313905715942383 1.1603590250015258789 1.4119787216186523438 1.6116219758987426758 1.8015916347503662109 1.9341295957565307617 2.0967319011688232422 2.3336517810821533203 2.3710834980010986328 2.0610213279724121094 1.7341381311416625977 1.5068814754486083984 0.93070811033248901367 0.40734064579010009766 -0.11584165692329406738 -0.72079479694366455078 -1.2526837587356567383 -1.2577623128890991211 -1.030089259147644043 -1.2719264030456542969 -1.5371465682983398438 -1.7143017053604125977 -1.6849046945571899414 -1.3518468141555786133 -0.92328679561614990234 -0.81944489479064941406 -1.0837029218673706055 -1.1748694181442260742 -1.187953948974609375 -1.0609725713729858398 -0.90674954652786254883 -0.91141015291213989258 -1.3680695295333862305 -1.2889667749404907227 -1.1128691434860229492
-0.68342578411102294922 -0.64438140392303466797 -0.88370800018310546875 -0.8449115753173828125 -0.78992766141891479492 -0.82486510276794433594 -1.0546585321426391602 -1.4816617965698242188 -1.5166659355163574219 -0.87362587451934814453 0.068479076027870178223 0.70517122745513916016 0.95648205280303955078 1.1753957271575927734 1.3947559595108032227 1.6075044870376586914 1.7836631536483764648 1.9402840137481689453 2.1461858749389648438 2.26201629638671875 2.0018835067749023438 1.3043713569641113281 0.96117699146270751953 0.34438720345497131348 -0.20416900515556335449 -0.72688591480255126953 -1.1632142066955566406 -1.389408111572265625 -1.358477473258972168 -1.0035502910614013672 -1.2188801765441894531 -1.3537306785583496094 -1.4471455812454223633 -1.5343201160430908203 -1.2168633937835693359 -0.98997765779495239258 -1.1244093179702758789 -1.0544096231460571289 -0.82537078857421875 -0.9219176173210144043 -0.88319498300552368164 -0.76745975017547607422 -0.68438708782196044922 -1.0959056615829467773 -1.1193366050720214844 -0.93756663799285888672
-0.75245994329452514648 -0.64247930049896240234 -0.87766003608703613281 -0.88874834775924682617 -1.0025970935821533203 -1.1225717067718505859 -1.2152372598648071289 -1.4991691112518310547 -1.4182400703430175781 -1.1158921718597412109 -0.22600078582763671875 0.38475891947746276855 0.66044819355010986328 0.90887254476547241211 1.1405959129333496094 1.375606536865234375 1.5894353389739990234 1.7836208343505859375 2.020320892333984375 2.2041041851043701172 1.9673962593078613281 0.91700875759124755859 0.42388424277305603027 -0.2208392024040222168 -0.78593748807907104492 -1.2614778280258178711 -1.3676264286041259766 -1.2461431026458740234 -1.304133296012878418 -1.251925349235534668 -1.4249590635299682617 -1.4482877254486083984 -1.3822424411773681641 -1.4110965728759765625 -1.3561888933181762695 -1.3641703128814697266 -1.2352913618087768555 -1.0037034749984741211 -0.79234093427658081055 -0.83296555280685424805 -0.84982568025588989258 -0.81991446018218994141 -0.87574362754821777344 -1.0391193628311157227 -1.0595132112503051758 -0.96807777881622314453
-0.79715484380722045898 -0.69466388225555419922 -0.78530114889144897461 -0.72458487749099731445 -0.89694541692733764648 -1.1054847240447998047 -1.2104645967483520508 -1.3118999004364013672 -1.245875239372253418 -1.2993232011795043945 -0.53909206390380859375 0.080339714884757995605 0.3777141571044921875 0.63518673181533813477 0.86820620298385620117 1.1023811101913452148 1.2656670808792114258 1.3931648731231689453 1.7530046701431274414 2.0606868267059326172 1.8792763948440551758 0.65559667348861694336 -0.10686650872230529785 -0.77813833951950073242 -1.3106782436370849609 -1.5036329030990600586 -1.2803305387496948242 -1.2478600740432739258 -1.4379544258117675781 -1.2844918966293334961 -1.2274923324584960938 -1.2496777772903442383 -1.2385069131851196289 -1.1670399904251098633 -1.1718899011611938477 -1.1463104486465454102 -0.99194419384002685547 -0.9704761505126953125 -0.84616506099700927734 -0.846332550048828125 -0.90625458955764770508 -0.99369913339614868164 -1.0386631488800048828 -1.1013267040252685547 -1.2319797277450561523 -1.2655150890350341797
-0.71673673391342163086 -0.68604934215545654297 -0.6734854578971862793 -0.69222378730773925781 -0.73813790082931518555 -0.95158588886260986328 -1.0582081079483032227 -0.98671114444732666016 -1.0143860578536987305 -1.1749212741851806641 -0.83123278617858886719 -0.22041691839694976807 0.097749769687652587891 0.36123776435852050781 0.59266108274459838867 0.80247348546981811523 0.86061871051788330078 0.81394457817077636719 1.1203349828720092773 1.5479638576507568359 1.5181173086166381836 0.19844894111156463623 -0.70554012060165405273 -1.35710906982421875 -1.6172517538070678711 -1.4761929512023925781 -1.2199882268905639648 -1.3961442708969116211 -1.476998448371887207 -1.3393843173980712891 -1.2139602899551391602 -1.1046231985092163086 -1.1338423490524291992 -1.117093205451965332 -0.97997832298278808594 -0.95806008577346801758 -0.87635552883148193359 -0.95378881692886352539 -0.82155537605285644531 -0.7372462153434753418 -0.6685702204704284668 -0.61596786975860595703 -0.5613079071044921875 -0.59929645061492919922 -0.69926118850708007812 -0.72672855854034423828
-0.63397806882858276367 -0.64241975545883178711 -0.6301676630973815918 -0.72352659702301025391 -0.72175508737564086914 -0.84214198589324951172 -0.80998075008392333984 -0.83005291223526000977 -0.92083257436752319336 -0.93944031000137329102 -0.91947591304779052734 -0.5164425969123840332 -0.18627586960792541504 0.084194347262382507324 0.30408698320388793945 0.4547036588191986084 0.4276917576789855957 0.20802648365497589111 0.33733001351356506348 0.71821939945220947266 0.6907329559326171875 -0.28740632534027099609 -1.1102920770645141602 -1.5312658548355102539 -1.5882642269134521484 -1.4756413698196411133 -1.3670411109924316406 -1.5008486509323120117 -1.3941842317581176758 -1.4112160205841064453 -1.3623033761978149414 -1.1903406381607055664 -1.0846292972564697266 -1.1033698320388793945 -0.97339600324630737305 -0.94707417488098144531 -0.84096121788024902344 -0.85240328311920166016 -0.56558084487915039062 -0.2422692030668258667 -0.06322428584098815918 0.047892201691865921021 0.098800353705883026123 0.062982417643070220947 0.10100562870502471924 0.11598972976207733154
-0.68793272972106933594 -0.94157230854034423828 -0.67105942964553833008 -0.63697904348373413086 -0.61942917108535766602 -0.76396775245666503906 -0.74262231588363647461 -0.82590109109878540039 -0.91836297512054443359 -0.77294015884399414062 -0.93846756219863891602 -0.75414240360260009766 -0.48381480574607849121 -0.23016481101512908936 -0.048880837857723236084 0.068695195019245147705 -0.033637635409832000732 -0.3704331815242767334 -0.4409967958927154541 -0.27900806069374084473 -0.31817674636840820312 -0.64374530315399169922 -1.1601593494415283203 -1.4563267230987548828 -1.3584829568862915039 -1.3366981744766235352 -1.3536908626556396484 -1.461434483528137207 -1.304591059684753418 -1.4508508443832397461 -1.4261978864669799805 -1.2955414056777954102 -1.1673550605773925781 -1.1649279594421386719 -1.1265852451324462891 -1.0572882890701293945 -0.83669394254684448242 -0.59600472450256347656 -0.12963064014911651611 0.33088594675064086914 0.6149247288703918457 0.74704456329345703125 0.79701137542724609375 0.78506284952163696289 0.88326942920684814453 0.94290065765380859375
-0.61063879728317260742 -1.1023164987564086914 -1.0162844657897949219 -0.76134788990020751953 -0.5492522120475769043 -0.65311574935913085938 -0.88365548849105834961 -0.87602579593658447266 -0.97060310840606689453 -0.76969987154006958008 -0.90094238519668579102 -0.90745961666107177734 -0.87205827236175537109 -0.81713306903839111328 -0.63759088516235351562 -0.40011891722679138184 -0.54560685157775878906 -0.95903849601745605469 -1.2708388566970825195 -1.2363457679748535156 -1.0697190761566162109 -0.98798316717147827148 -1.4004704952239990234 -1.716996312141418457 -1.4982557296752929688 -1.3301392793655395508 -1.2883214950561523438 -1.3989659547805786133 -1.3718113899230957031 -1.4254939556121826172 -1.3406972885131835938 -1.2959771156311035156 -1.2173764705657958984 -1.2175240516662597656 -1.2041231393814086914 -0.99695831537246704102 -0.50815480947494506836 -0.092273317277431488037 0.36676105856895446777 0.86055570840835571289 1.2727239131927490234 1.4345227479934692383 1.4823594093322753906 1.5457065105438232422 1.6534292697906494141 1.7422492504119873047
-0.50142592191696166992 -0.94812774658203125 -1.2190328836441040039 -1.0083858966827392578 -0.64478886127471923828 -0.67098695039749145508 -0.92506688833236694336 -1.0611974000930786133 -1.1821348667144775391 -0.9379259943962097168 -0.99053758382797241211 -1.0948425531387329102 -1.1962296962738037109 -1.232593536376953125 -1.0979274511337280273 -0.83324718475341796875 -0.92163091897964477539 -1.2006092071533203125 -1.6461690664291381836 -1.8248287439346313477 -1.635609745979309082 -1.5210621356964111328 -1.7458931207656860352 -1.9867296218872070312 -1.6645287275314331055 -1.3994524478912353516 -1.4126409292221069336 -1.5620874166488647461 -1.5514844655990600586 -1.4469318389892578125 -1.2777731418609619141 -1.2532242536544799805 -1.1766382455825805664 -1.1974066495895385742 -0.99308162927627563477 -0.45149579644203186035 0.14359922707080841064 0.58177864551544189453 0.98144251108169555664 1.4064722061157226562 1.841101527214050293 2.121318817138671875 2.205463409423828125 2.3091328144073486328 2.4178082942962646484 2.5229818820953369141
