data/oyster_dem_buf.asc
ncols        259
nrows        149
xllcorner    -9051628.873678505421
yllcorner    3492744.042225801852
cellsize     1.157226984026
NODATA_value  nan
[rows 20 to 39 of 149, columns 92 to 137 of 259]
-0.98590600490570068359 -1.0428755283355712891 -1.0535182952880859375 -1.1166465282440185547 -1.0842976570129394531 -1.1533128023147583008 -1.2740368843078613281 -1.2555367946624755859 -1.2886838912963867188 -1.0725152492523193359 -0.22734405100345611572 0.83268851041793823242 1.7465537786483764648 2.31398773193359375 2.4681215286254882812 2.4408910274505615234 2.3458468914031982422 2.2815725803375244141 2.3118295669555664062 2.4274561405181884766 2.5602934360504150391 2.6480574607849121094 2.5794458389282226562 2.3487818241119384766 1.9401948451995849609 1.1470221281051635742 0.10172884911298751831 -0.73478662967681884766 -1.0852794647216796875 -1.2883596420288085938 -1.5448358058929443359 -1.4814430475234985352 -1.5482103824615478516 -1.7303688526153564453 -1.9022667407989501953 -2.0690019130706787109 -2.0711531639099121094 -1.9617810249328613281 -1.667734980583190918 -1.7404590845108032227 -1.5588213205337524414 -1.2648473978042602539 -1.851775050163269043 -2.3849852085113525391 -2.4625556468963623047 -2.2045125961303710938
-0.84233576059341430664 -0.85641658306121826172 -0.92487823963165283203 -1.0785812139511108398 -1.178013920783996582 -1.2292903661727905273 -1.2394843101501464844 -1.1792787313461303711 -1.2253893613815307617 -1.2040323019027709961 -0.79234635829925537109 0.10773908346891403198 1.1365640163421630859 1.8686987161636352539 2.2549443244934082031 2.4364016056060791016 2.4512417316436767578 2.4059641361236572266 2.4424841403961181641 2.4546382427215576172 2.4138457775115966797 2.2619259357452392578 1.8988397121429443359 1.4665026664733886719 1.0419977903366088867 0.47417122125625610352 -0.36310231685638427734 -1.0868272781372070312 -1.3384368419647216797 -1.2080521583557128906 -1.2001769542694091797 -1.2262576818466186523 -1.5877226591110229492 -1.8668577671051025391 -1.9526163339614868164 -2.0439445972442626953 -1.9566615819931030273 -1.9642928838729858398 -1.8131848573684692383 -1.6220961809158325195 -1.5126656293869018555 -1.3609546422958374023 -1.9606087207794189453 -2.3952918052673339844 -2.1063356399536132812 -1.600993037223815918
-0.77872920036315917969 -0.86022907495498657227 -0.86908239126205444336 -0.92507529258728027344 -1.1051640510559082031 -1.1887911558151245117 -1.1507383584976196289 -1.0611002445220947266 -1.108160853385925293 -1.1573765277862548828 -0.93542808294296264648 -0.20485924184322357178 0.74209207296371459961 1.3679805994033813477 1.7442090511322021484 2.0791454315185546875 2.2515621185302734375 2.1619906425476074219 2.0502800941467285156 1.9772268533706665039 1.8605705499649047852 1.5309727191925048828 0.95586889982223510742 0.38672870397567749023 -0.061750512570142745972 -0.44429472088813781738 -0.76266705989837646484 -1.030138850212097168 -1.1798031330108642578 -1.1110540628433227539 -1.0458419322967529297 -1.0633188486099243164 -1.3827437162399291992 -1.6141035556793212891 -1.6393404006958007812 -1.7254045009613037109 -1.4813022613525390625 -1.7449325323104858398 -2.0570387840270996094 -1.8940209150314331055 -1.7162411212921142578 -1.8093967437744140625 -2.0882079601287841797 -1.88892364501953125 -1.228236079216003418 -0.63122832775115966797
-0.76467394828796386719 -0.78776490688323974609 -0.75738370418548583984 -0.74252820014953613281 -0.784496307373046875 -0.8294131159782409668 -0.94360703229904174805 -1.0046467781066894531 -1.0401879549026489258 -1.1054913997650146484 -1.0477880239486694336 -0.45241004228591918945 0.31899496912956237793 0.78234195709228515625 1.1356296539306640625 1.5294219255447387695 1.6792528629302978516 1.4801973104476928711 1.2883741855621337891 1.2251188755035400391 1.1492978334426879883 0.74978041648864746094 0.069111466407775878906 -0.649410247802734375 -1.1462305784225463867 -1.3372408151626586914 -1.1589374542236328125 -0.96967566013336181641 -0.98351764678955078125 -1.0256783962249755859 -1.1635210514068603516 -1.1960046291351318359 -1.0809423923492431641 -1.102817535400390625 -1.1413654088973999023 -1.2749958038330078125 -1.0383231639862060547 -1.1708470582962036133 -1.3578788042068481445 -1.2881078720092773438 -1.2266680002212524414 -1.2686029672622680664 -1.2717553377151489258 -0.86838018894195556641 -0.17643539607524871826 0.36310219764709472656
-0.80459636449813842773 -0.82797664403915405273 -0.75230884552001953125 -0.70964765548706054688 -0.73311746120452880859 -0.75295841693878173828 -0.85274147987365722656 -0.89293438196182250977 -0.94632613658905029297 -1.0461292266845703125 -1.0531411170959472656 -0.75299561023712158203 -0.24993558228015899658 0.15280459821224212646 0.5199413299560546875 0.91540759801864624023 0.94499605894088745117 0.64750242233276367188 0.44816353917121887207 0.41009017825126647949 0.38721945881843566895 -0.023851566016674041748 -0.75428378582000732422 -1.1726167201995849609 -1.1633008718490600586 -1.0722906589508056641 -0.95458257198333740234 -0.85281252861022949219 -0.92174112796783447266 -1.0352519750595092773 -1.3158547878265380859 -1.3310983180999755859 -1.1166758537292480469 -1.1572432518005371094 -1.1082129478454589844 -1.3013094663619995117 -1.2638949155807495117 -0.92686331272125244141 -0.84059661626815795898 -0.87155419588088989258 -0.9487431645393371582 -0.7991421818733215332 -0.35048225522041320801 0.23840937018394470215 0.88301610946655273438 1.3502535820007324219
-0.8057403564453125 -0.81832367181777954102 -0.79800933599472045898 -0.78185236454010009766 -0.8051630854606628418 -0.84329044818878173828 -0.91177839040756225586 -0.88727712631225585938 -0.84325206279754638672 -0.91355746984481811523 -0.98872554302215576172 -0.94440227746963500977 -0.72534900903701782227 -0.44509372115135192871 -0.084220297634601593018 0.22769890725612640381 0.11025544255971908569 -0.21323540806770324707 -0.39051550626754760742 -0.41781851649284362793 -0.34972089529037475586 -0.60377722978591918945 -0.8581288456916809082 -0.87856543064117431641 -0.75429940223693847656 -0.75868129730224609375 -0.84632569551467895508 -0.81118452548980712891 -0.80736744403839111328 -0.80380243062973022461 -1.0830513238906860352 -1.3458410501480102539 -1.0473366975784301758 -1.1520867347717285156 -1.1393542289733886719 -1.0944920778274536133 -1.1531786918640136719 -0.91688406467437744141 -0.85217213630676269531 -0.95691454410552978516 -0.95811736583709716797 -0.52570873498916625977 0.20549184083938598633 0.98071169853210449219 1.6400426626205444336 2.0330190658569335938
-0.74667441844940185547 -0.76493948698043823242 -0.77096927165985107422 -0.80727231502532958984 -0.88814783096313476562 -0.88112366199493408203 -0.84917610883712768555 -0.81750673055648803711 -0.78125971555709838867 -0.81335651874542236328 -0.87571257352828979492 -0.80357623100280761719 -0.65782761573791503906 -0.60427320003509521484 -0.50531297922134399414 -0.46807193756103515625 -0.75052928924560546875 -0.97222763299942016602 -0.9737141728401184082 -0.82746285200119018555 -0.64129537343978881836 -0.79604613780975341797 -0.8467362523078918457 -0.78571391105651855469 -0.72375977039337158203 -0.78885811567306518555 -0.85753571987152099609 -0.75390702486038208008 -0.76220303773880004883 -0.75791090726852416992 -0.8467133641242980957 -1.0576606988906860352 -0.79965227842330932617 -0.79122745990753173828 -0.81846475601196289062 -0.78966289758682250977 -0.8566067814826965332 -0.80871427059173583984 -0.83071768283843994141 -0.84867101907730102539 -0.57638835906982421875 0.028238222002983093262 0.78171688318252563477 1.5463318824768066406 2.0298900604248046875 2.3036150932312011719
-0.64883643388748168945 -0.67067927122116088867 -0.71909493207931518555 -0.73597222566604614258 -0.80369216203689575195 -0.8523915410041809082 -0.83218300342559814453 -0.78588271141052246094 -0.70665538311004638672 -0.71685099601745605469 -0.80202662944793701172 -0.77370268106460571289 -0.66382646560668945312 -0.57342249155044555664 -0.59552162885665893555 -0.81362104415893554688 -0.98623377084732055664 -0.96140706539154052734 -0.92844015359878540039 -0.83857202529907226562 -0.68760430812835693359 -0.73111611604690551758 -0.79934895038604736328 -0.79336625337600708008 -0.73658782243728637695 -0.76670992374420166016 -0.86472791433334350586 -0.83020842075347900391 -0.86722213029861450195 -0.87702083587646484375 -0.82148587703704833984 -0.791599273681640625 -0.63540625572204589844 -0.61196804046630859375 -0.65339982509613037109 -0.69002354145050048828 -0.65277332067489624023 -0.438114166259765625 -0.40356612205505371094 -0.29033449292182922363 0.14155305922031402588 0.76580941677093505859 1.4826055765151977539 2.0373022556304931641 2.2953119277954101562 2.4697744846343994141
-0.5874176025390625 -0.53198158740997314453 -0.61972516775131225586 -0.67240011692047119141 -0.70740598440170288086 -0.72411644458770751953 -0.68805581331253051758 -0.63989716768264770508 -0.59372371435165405273 -0.6973387598991394043 -0.82041662931442260742 -0.77087962627410888672 -0.64042890071868896484 -0.55798953771591186523 -0.66370123624801635742 -0.87651067972183227539 -0.90023267269134521484 -0.7944710850715637207 -0.75526446104049682617 -0.80367362499237060547 -0.84689801931381225586 -0.85420364141464233398 -0.78888207674026489258 -0.7225856781005859375 -0.70683068037033081055 -0.67988759279251098633 -0.66113102436065673828 -0.64257627725601196289 -0.69241327047348022461 -0.73814547061920166016 -0.66373026371002197266 -0.53366303443908691406 -0.49258300662040710449 -0.59697908163070678711 -0.65485268831253051758 -0.69153487682342529297 -0.42289385199546813965 0.012649560347199440002 0.16749808192253112793 0.38328048586845397949 0.87587839365005493164 1.489943385124206543 2.1019883155822753906 2.4100673198699951172 2.5204043388366699219 2.60234832763671875
-0.63897609710693359375 -0.61867117881774902344 -0.61991912126541137695 -0.63161385059356689453 -0.68781363964080810547 -0.73712337017059326172 -0.7362194061279296875 -0.72643607854843139648 -0.6913229823112487793 -0.69843053817749023438 -0.66289758682250976562 -0.62736928462982177734 -0.63981139659881591797 -0.66137361526489257812 -0.78828442096710205078 -0.89046931266784667969 -0.81764829158782958984 -0.74493324756622314453 -0.78382313251495361328 -0.87218797206878662109 -0.90505528450012207031 -0.9551289677619934082 -0.84878802299499511719 -0.79332739114761352539 -0.78867876529693603516 -0.67330241203308105469 -0.61230772733688354492 -0.56528413295745849609 -0.5597947239875793457 -0.59036010503768920898 -0.46501651406288146973 -0.37941953539848327637 -0.45145776867866516113 -0.60353648662567138672 -0.60688447952270507812 -0.57950854301452636719 -0.087116330862045288086 0.4762763679027557373 0.73810964822769165039 1.043173670768737793 1.5534996986389160156 2.0700750350952148438 2.4273209571838378906 2.5865354537963867188 2.6507742404937744141 2.666961669921875
-0.89347761869430541992 -0.90868175029754638672 -0.86739009618759155273 -0.75747597217559814453 -0.70178020000457763672 -0.75619602203369140625 -0.85285615921020507812 -0.82058447599411010742 -0.66470634937286376953 -0.64409029483795166016 -0.60286694765090942383 -0.57965409755706787109 -0.6430295109748840332 -0.70536750555038452148 -0.83255255222320556641 -0.77483999729156494141 -0.76356852054595947266 -0.86799919605255126953 -0.92575585842132568359 -0.93166649341583251953 -0.89814937114715576172 -0.97393852472305297852 -0.87310868501663208008 -0.80077379941940307617 -0.78977853059768676758 -0.68215936422348022461 -0.69894140958786010742 -0.71219640970230102539 -0.67810451984405517578 -0.59611773490905761719 -0.37724295258522033691 -0.26199200749397277832 -0.25370949506759643555 -0.32890185713768005371 -0.36125281453132629395 -0.22045952081680297852 0.40104368329048156738 0.97661232948303222656 1.3174706697463989258 1.7022273540496826172 2.1752703189849853516 2.4578995704650878906 2.5723187923431396484 2.6516020298004150391 2.6878149509429931641 2.7151720523834228516
-1.0639690160751342773 -1.0583919286727905273 -1.0133498907089233398 -0.97193831205368041992 -0.89220339059829711914 -0.79592931270599365234 -0.75927174091339111328 -0.77268505096435546875 -0.71950525045394897461 -0.70522332191467285156 -0.64423173666000366211 -0.616710662841796875 -0.71595865488052368164 -0.78216350078582763672 -0.88139760494232177734 -0.92225438356399536133 -0.98537194728851318359 -1.0821127891540527344 -0.96745443344116210938 -0.80774527788162231445 -0.82787215709686279297 -0.92506921291351318359 -0.86859965324401855469 -0.74913823604583740234 -0.69751518964767456055 -0.6380405426025390625 -0.611743927001953125 -0.54293203353881835938 -0.48744177818298339844 -0.41057005524635314941 -0.14210928976535797119 0.15341098606586456299 0.33931469917297363281 0.39752137660980224609 0.48169150948524475098 0.68098986148834228516 1.0466372966766357422 1.4733514785766601562 1.8947479724884033203 2.3239877223968505859 2.6238696575164794922 2.6878864765167236328 2.6855213642120361328 2.7240152359008789062 2.7517495155334472656 2.7363348007202148438
-0.85442823171615600586 -0.86139243841171264648 -0.85864627361297607422 -0.84440690279006958008 -0.68412053585052490234 -0.65560644865036010742 -0.75300443172454833984 -0.797725677490234375 -0.776397705078125 -0.75953704118728637695 -0.79775094985961914062 -0.81861913204193115234 -0.88156944513320922852 -0.99730420112609863281 -1.0431717634201049805 -0.98190712928771972656 -1.0372743606567382812 -0.99515396356582641602 -0.79918152093887329102 -0.74562627077102661133 -0.83291918039321899414 -0.90387451648712158203 -0.85048258304595947266 -0.71674811840057373047 -0.57218217849731445312 -0.48455578088760375977 -0.33736461400985717773 -0.11843874305486679077 0.092172190546989440918 0.2938098609447479248 0.57651066780090332031 0.82843667268753051758 0.93603992462158203125 0.98176300525665283203 1.0701454877853393555 1.1927981376647949219 1.4731489419937133789 1.8968023061752319336 2.3132953643798828125 2.6067202091217041016 2.7345335483551025391 2.7567989826202392578 2.7008163928985595703 2.7051031589508056641 2.7518718242645263672 2.6976289749145507812
-0.76781558990478515625 -0.67240786552429199219 -0.69719904661178588867 -0.75510895252227783203 -0.63840520381927490234 -0.66335588693618774414 -0.77799195051193237305 -0.81375873088836669922 -0.81124210357666015625 -0.83249169588088989258 -0.89975494146347045898 -0.9113636016845703125 -0.88062369823455810547 -0.90051889419555664062 -0.91874980926513671875 -0.86796712875366210938 -0.89293128252029418945 -0.93464362621307373047 -0.89279603958129882812 -0.87718445062637329102 -0.86343604326248168945 -0.79395794868469238281 -0.6088822484016418457 -0.31852486729621887207 -0.045908425003290176392 0.11764095723628997803 0.37193793058395385742 0.64916348457336425781 0.81824564933776855469 0.92443037033081054688 1.0319734811782836914 1.1067208051681518555 1.1246153116226196289 1.1888102293014526367 1.3431591987609863281 1.5424191951751708984 1.8429642915725708008 2.1975393295288085938 2.4561800956726074219 2.6217586994171142578 2.6799404621124267578 2.6786913871765136719 2.6017470359802246094 2.5482904911041259766 2.6036121845245361328 2.6271734237670898438
-0.81427109241485595703 -0.75335490703582763672 -0.72716653347015380859 -0.77838081121444702148 -0.7437235713005065918 -0.72558307647705078125 -0.67672497034072875977 -0.67780125141143798828 -0.77893823385238647461 -0.85934710502624511719 -0.89334958791732788086 -0.88492131233215332031 -0.83637189865112304688 -0.75941705703735351562 -0.76323240995407104492 -0.83876425027847290039 -0.9035905003547668457 -0.97583818435668945312 -0.9672934412956237793 -1.0143616199493408203 -1.0425112247467041016 -0.90270507335662841797 -0.57970333099365234375 -0.08326444774866104126 0.4267731010913848877 0.76708871126174926758 0.947177886962890625 1.057745814323425293 1.0923749208450317383 1.1045579910278320312 1.1859778165817260742 1.2809734344482421875 1.3863537311553955078 1.5998283624649047852 1.8742080926895141602 2.0658795833587646484 2.2358164787292480469 2.3716988563537597656 2.4491262435913085938 2.5280358791351318359 2.5461070537567138672 2.5099046230316162109 2.4268465042114257812 2.303501129150390625 2.3352351188659667969 2.4349343776702880859
-0.80299526453018188477 -0.84244680404663085938 -0.86418700218200683594 -0.90866428613662719727 -0.82525169849395751953 -0.74014639854431152344 -0.74389016628265380859 -0.75813782215118408203 -0.74010843038558959961 -0.77246701717376708984 -0.84263873100280761719 -0.83572816848754882812 -0.83014714717864990234 -0.77216964960098266602 -0.79879903793334960938 -0.8151607513427734375 -0.73230218887329101562 -0.74089485406875610352 -0.78221058845520019531 -0.95846879482269287109 -1.1088006496429443359 -1.0478094816207885742 -0.73861587047576904297 -0.18595634400844573975 0.42465165257453918457 0.89239746332168579102 1.0979977846145629883 1.1539291143417358398 1.1527458429336547852 1.1923505067825317383 1.3531812429428100586 1.5456272363662719727 1.7367318868637084961 2.0185158252716064453 2.3266561031341552734 2.4417364597320556641 2.3690500259399414062 2.3255484104156494141 2.2900462150573730469 2.2441866397857666016 2.1768491268157958984 2.1019103527069091797 2.0431373119354248047 1.9774318933486938477 2.0419175624847412109 2.1215832233428955078
-0.69458436965942382812 -0.70685625076293945312 -0.79176568984985351562 -0.91555792093276977539 -0.89351999759674072266 -0.8183231353759765625 -0.84895247220993041992 -0.83187246322631835938 -0.80614769458770751953 -0.80965173244476318359 -0.86276298761367797852 -0.85802209377288818359 -0.80821943283081054688 -0.7425931096076965332 -0.71772915124893188477 -0.76935815811157226562 -0.70967888832092285156 -0.69060611724853515625 -0.7488333582878112793 -0.90734964609146118164 -1.0489218235015869141 -0.99038231372833251953 -0.7786820530891418457 -0.35262313485145568848 0.22918799519538879395 0.76579576730728149414 1.0852138996124267578 1.1910715103149414062 1.2191119194030761719 1.3334830999374389648 1.5537250041961669922 1.7870109081268310547 1.9867560863494873047 2.1527159214019775391 2.3253359794616699219 2.3635532855987548828 2.2375905513763427734 2.1327259540557861328 2.0651202201843261719 1.9976259469985961914 1.9287955760955810547 1.8846976757049560547 1.9050506353378295898 1.9559690952301025391 2.0146546363830566406 2.0267689228057861328
-0.65336805582046508789 -0.67319452762603759766 -0.80567216873168945312 -0.95185124874114990234 -0.97208422422409057617 -0.87662780284881591797 -0.84201371669769287109 -0.80564379692077636719 -0.82523232698440551758 -0.86602115631103515625 -0.85379672050476074219 -0.80325180292129516602 -0.68932145833969116211 -0.63886225223541259766 -0.71544897556304931641 -0.88303798437118530273 -0.88239818811416625977 -0.81288385391235351562 -0.79099416732788085938 -0.766002655029296875 -0.72718954086303710938 -0.55494379997253417969 -0.31302782893180847168 -0.034459877759218215942 0.29167443513870239258 0.66173708438873291016 1.0229562520980834961 1.2044818401336669922 1.3333156108856201172 1.5423405170440673828 1.7721393108367919922 1.9879407882690429688 2.1592617034912109375 2.2018833160400390625 2.2225089073181152344 2.1927378177642822266 2.0986232757568359375 2.0343708992004394531 1.9849852323532104492 1.9423792362213134766 1.9000393152236938477 1.8943344354629516602 1.9638333320617675781 1.9856153726577758789 1.9757000207901000977 1.9524405002593994141
-0.67331707477569580078 -0.57814985513687133789 -0.54991620779037475586 -0.70064091682434082031 -0.73336589336395263672 -0.48498877882957458496 -0.35379013419151306152 -0.4330222010612487793 -0.51392263174057006836 -0.49287810921669006348 -0.32969361543655395508 -0.16317431628704071045 -0.12939299643039703369 -0.2083959728479385376 -0.41700315475463867188 -0.75197416543960571289 -0.84476780891418457031 -0.67154532670974731445 -0.47148531675338745117 -0.25592574477195739746 -0.079198069870471954346 0.13517233729362487793 0.38833752274513244629 0.6148128509521484375 0.83296924829483032227 1.0588212013244628906 1.2877842187881469727 1.4757223129272460938 1.6513116359710693359 1.8507859706878662109 2.0626177787780761719 2.2270207405090332031 2.2389516830444335938 2.1278622150421142578 2.0483560562133789062 2.0102536678314208984 2.0043659210205078125 2.0186855792999267578 2.0035016536712646484 1.9896739721298217773 1.9635995626449584961 1.9491919279098510742 1.9814569950103759766 1.9645203351974487305 1.9286295175552368164 1.898754119873046875
-0.71384674310684204102 -0.54150384664535522461 -0.20158375799655914307 -0.072192423045635223389 -0.1284862905740737915 0.12804663181304931641 0.38368746638298034668 0.33401450514793395996 0.26795914769172668457 0.33638647198677062988 0.47054174542427062988 0.62613219022750854492 0.56845134496688842773 0.35577470064163208008 0.089737527072429656982 -0.2645422816276550293 -0.29376199841499328613 -0.063161522150039672852 0.15590786933898925781 0.42748910188674926758 0.6732953190803527832 0.89896988868713378906 1.1297309398651123047 1.3384698629379272461 1.5277544260025024414 1.6840142011642456055 1.8347415924072265625 1.9917318820953369141 2.1320645809173583984 2.2279725074768066406 2.2756483554840087891 2.2335841655731201172 2.1059906482696533203 1.9741656780242919922 1.8847786188125610352 1.8380216360092163086 1.8727295398712158203 1.9707483053207397461 2.0396933555603027344 2.064029693603515625 2.0361223220825195312 2.0016889572143554688 1.971075892448425293 1.9234946966171264648 1.8956975936889648438 1.8888400793075561523
