data/oyster_dem_1.asc
ncols        252
nrows        140
xllcorner    557285.119999999995
yllcorner    2029493.439999999944
cellsize     3.280000000000
NODATA_value  nan
[rows 60 to 79 of 140, columns 184 to 229 of 252]
-1.7962070703506469727 -1.6990482807159423828 -1.7876114845275878906 -1.717829585075378418 -1.7616492509841918945 -1.7557579278945922852 -1.7570321559906005859 -1.8568016290664672852 -1.3651375770568847656 -1.6369165182113647461 -2.0639510154724121094 -2.2843050956726074219 -2.3834283351898193359 -2.2503185272216796875 -1.7853786945343017578 -1.2076125144958496094 -1.1624429225921630859 -1.3219109773635864258 -1.1210652589797973633 -0.97576892375946044922 -1.1520959138870239258 -1.3556755781173706055 -1.2344541549682617188 -0.9624055027961730957 -0.96889865398406982422 -1.2512686252593994141 -1.6174279451370239258 -1.8801692724227905273 -2.0435533523559570312 -2.1785945892333984375 -2.2181735038757324219 nan nan nan nan nan nan nan nan nan nan nan -3.1274812221527099609 -2.9808068275451660156 -2.8426263332366943359 -2.7684564590454101562
-1.8625559806823730469 -1.9966700077056884766 -1.9602773189544677734 -1.8204178810119628906 -1.8545019626617431641 -1.8560181856155395508 -1.9970388412475585938 -1.9519189596176147461 -1.5775783061981201172 -1.9734383821487426758 -2.1531987190246582031 -2.3669223785400390625 -2.2204961776733398438 -2.2425510883331298828 -1.9569252729415893555 -1.4943267107009887695 -1.309230804443359375 -1.2345490455627441406 -1.0517023801803588867 -1.0641005039215087891 -1.1900709867477416992 -1.2803550958633422852 -1.2511279582977294922 -1.2649208307266235352 -1.4872413873672485352 -1.8798391819000244141 -2.084255218505859375 -2.2252070903778076172 -2.3745253086090087891 -2.4430441856384277344 nan nan nan nan nan nan nan nan nan nan nan nan nan nan nan nan
-1.9443312883377075195 -2.0859103202819824219 -2.0756971836090087891 -1.8161580562591552734 -1.7282502651214599609 -1.7423048019409179688 -1.9384462833404541016 -1.9503979682922363281 -1.8092637062072753906 -1.9932798147201538086 -1.9597612619400024414 -2.0045316219329833984 -1.8377901315689086914 -1.9135061502456665039 -2.0339562892913818359 -1.811047673225402832 -1.5441688299179077148 -1.288796544075012207 -1.1676720380783081055 -1.2130028009414672852 -1.2646464109420776367 -1.307805180549621582 -1.3460623025894165039 -1.6759527921676635742 -1.919483184814453125 -2.1697418689727783203 -2.3393537998199462891 -2.7190334796905517578 -2.8254790306091308594 nan nan nan nan nan nan nan nan nan nan nan nan nan nan nan nan nan
-1.6705304384231567383 -1.7748633623123168945 -1.9942268133163452148 -1.8179559707641601562 -1.7146209478378295898 -1.6500574350357055664 -1.6859046220779418945 -1.6101876497268676758 -1.5588042736053466797 -1.6104037761688232422 -1.4575759172439575195 -1.4684644937515258789 -1.3530178070068359375 -1.4072006940841674805 -1.9357846975326538086 -2.0461843013763427734 -1.7628626823425292969 -1.4607064723968505859 -1.3952003717422485352 -1.4481700658798217773 -1.4929364919662475586 -1.5546007156372070312 -1.7105585336685180664 -2.0390467643737792969 -2.2856106758117675781 -2.4053502082824707031 -2.6700303554534912109 -3.1316204071044921875 nan nan nan nan nan nan nan nan nan nan nan nan nan nan nan nan nan nan
-1.707640528678894043 -1.6240077018737792969 -1.8756320476531982422 -1.898051142692565918 -1.8303580284118652344 -1.6444542407989501953 -1.3042895793914794922 -1.1331542730331420898 -1.1194732189178466797 -1.0390098094940185547 -0.88418853282928466797 -0.81347507238388061523 -0.76496857404708862305 -0.94514960050582885742 -1.5757677555084228516 -2.0926215648651123047 -2.0333364009857177734 -1.6571389436721801758 -1.6141036748886108398 -1.7096344232559204102 -1.8298920392990112305 -1.9847661256790161133 -2.1248586177825927734 -2.1883826255798339844 -2.5851633548736572266 -2.7584123611450195312 -2.9937770366668701172 nan nan nan nan nan nan nan nan nan nan nan nan nan nan nan nan nan nan nan
-1.6150565147399902344 -1.5399774312973022461 -1.6790292263031005859 -1.7838920354843139648 -1.6317398548126220703 -1.2615828514099121094 -0.95607107877731323242 -0.99144023656845092773 -1.0307211875915527344 -1.0215584039688110352 -0.8849042057991027832 -0.67387908697128295898 -0.63455116748809814453 -0.86470943689346313477 -1.2942349910736083984 -1.8713605403900146484 -2.0842025279998779297 -1.8984245061874389648 -1.852046966552734375 -1.972286224365234375 -2.1229693889617919922 -2.3526966571807861328 -2.4469959735870361328 -2.4318819046020507812 -2.8321635723114013672 -2.9244945049285888672 -2.9577894210815429688 nan nan nan nan nan nan nan nan nan nan nan nan nan nan nan nan nan nan nan
-1.6062803268432617188 -1.4877374172210693359 -1.5015780925750732422 -1.4792255163192749023 -1.3383250236511230469 -0.9539661407470703125 -0.81838095188140869141 -1.0634818077087402344 -1.2481322288513183594 -1.4428544044494628906 -1.3837108612060546875 -1.1069295406341552734 -0.99808931350708007812 -1.0479091405868530273 -1.3474515676498413086 -1.8356684446334838867 -2.1152551174163818359 -2.0572071075439453125 -2.0727720260620117188 -2.2031960487365722656 -2.3658099174499511719 -2.6836268901824951172 -2.7357308864593505859 -2.8161137104034423828 -3.0940294265747070312 -3.0428688526153564453 nan nan nan nan nan nan nan nan nan nan nan nan nan nan nan nan nan nan nan nan
-1.7859216928482055664 -1.6163009405136108398 -1.3984851837158203125 -1.1505136489868164062 -1.0450481176376342773 -0.93668133020401000977 -0.84746253490447998047 -1.1621630191802978516 -1.5333306789398193359 -1.8388266563415527344 -1.7122730016708374023 -1.3883998394012451172 -1.3288911581039428711 -1.3628405332565307617 -1.7429982423782348633 -1.9908797740936279297 -2.0607891082763671875 -2.1920375823974609375 -2.3111066818237304688 -2.4276826381683349609 -2.7190306186676025391 -2.9794688224792480469 -3.05948638916015625 -3.1754879951477050781 -3.2947223186492919922 nan nan nan nan nan nan nan nan nan nan nan nan nan nan nan nan nan nan nan nan nan
-2.0506596565246582031 -1.8686922788619995117 -1.5327537059783935547 -1.2617044448852539062 -1.1815836429595947266 -1.2331537008285522461 -1.0919436216354370117 -1.3837283849716186523 -1.7792948484420776367 -1.8913183212280273438 -1.7559211254119873047 -1.5954781770706176758 -1.7424508333206176758 -1.8300765752792358398 -2.1892712116241455078 -2.2341182231903076172 -2.2554366588592529297 -2.4632654190063476562 -2.6070384979248046875 -2.6763498783111572266 -3.0027768611907958984 -3.2360508441925048828 -3.3735544681549072266 -3.468921661376953125 nan nan nan nan nan nan nan nan nan nan nan nan nan nan nan nan nan nan nan nan nan nan
-2.2271256446838378906 -2.0477735996246337891 -1.7386777400970458984 -1.5493816137313842773 -1.5114139318466186523 -1.5342373847961425781 -1.3398635387420654297 -1.6326688528060913086 -2.0210311412811279297 -1.8928103446960449219 -1.7703752517700195312 -1.8317391872406005859 -2.0096838474273681641 -2.1540067195892333984 -2.2780334949493408203 -2.4917466640472412109 -2.4710936546325683594 -2.6492571830749511719 -2.8166453838348388672 -2.9833743572235107422 -3.2169992923736572266 -3.4605252742767333984 -3.6328136920928955078 -3.6908025741577148438 nan nan nan nan nan nan nan nan nan nan nan nan nan nan nan nan nan nan nan nan nan nan
-2.1820344924926757812 -1.9128290414810180664 -1.7596200704574584961 -1.4856290817260742188 -1.3794956207275390625 -1.4462811946868896484 -1.49594879150390625 -1.9570996761322021484 -2.2942197322845458984 -2.0738656520843505859 -1.9418365955352783203 -2.0874485969543457031 -2.2749047279357910156 -2.5201275348663330078 -2.4299774169921875 -2.6511971950531005859 -2.6822202205657958984 -2.8044390678405761719 -3.0040318965911865234 -3.3851196765899658203 -3.5486681461334228516 -3.6833317279815673828 -3.8189065456390380859 -3.8572850227355957031 nan nan nan nan nan nan nan nan nan nan nan nan nan nan nan nan nan nan nan nan nan nan
-1.9428701400756835938 -1.9212077856063842773 -1.7302720546722412109 -1.3387100696563720703 -1.2648131847381591797 -1.4228713512420654297 -1.8020845651626586914 -2.2903792858123779297 -2.4757747650146484375 -2.2537913322448730469 -2.1430127620697021484 -2.2139670848846435547 -2.5283386707305908203 -2.7118523120880126953 -2.6562657356262207031 -2.7112517356872558594 -2.8741166591644287109 -2.9780592918395996094 -3.2108886241912841797 -3.5581939220428466797 -3.6748685836791992188 -3.7479138374328613281 nan nan nan nan nan nan nan nan nan nan nan nan nan nan nan nan nan nan nan nan nan nan nan nan
-1.3991136550903320312 -1.6425716876983642578 -1.5227640867233276367 -1.2089506387710571289 -1.2035474777221679688 -1.5780259370803833008 -2.0858418941497802734 -2.4023623466491699219 -2.5612287521362304688 -2.5631883144378662109 -2.54766082763671875 -2.5475201606750488281 -2.6034460067749023438 -2.7785048484802246094 -2.9940040111541748047 -3.1717188358306884766 -3.1573011875152587891 -3.1323635578155517578 -3.2411446571350097656 -3.5612061023712158203 -3.8119871616363525391 nan nan nan nan nan nan nan nan nan nan nan nan nan nan nan nan nan nan nan nan nan nan nan nan nan
-1.1214005947113037109 -1.2527433633804321289 -1.3073294162750244141 -1.2533053159713745117 -1.4814506769180297852 -2.0181119441986083984 -2.2719173431396484375 -2.3416488170623779297 -2.49810028076171875 -2.6324522495269775391 -2.6947541236877441406 -2.5815629959106445312 -2.3832941055297851562 -2.6973085403442382812 -3.0968780517578125 -3.3945250511169433594 -3.5490193367004394531 -3.4377191066741943359 -3.5438296794891357422 nan nan nan nan nan nan nan nan nan nan nan nan nan nan nan nan nan nan nan nan nan nan nan nan nan nan nan
-1.4253188371658325195 -1.2457358837127685547 -1.3837692737579345703 -1.718279719352722168 -2.0033247470855712891 -2.1791288852691650391 -2.0859355926513671875 -1.927584528923034668 -2.2105617523193359375 -2.4634084701538085938 -2.5896816253662109375 -2.7065699100494384766 -2.6984002590179443359 -2.9072377681732177734 -3.1527509689331054688 -3.4743559360504150391 -3.8060324192047119141 -3.8744294643402099609 nan nan nan nan nan nan nan nan nan nan nan nan nan nan nan nan nan nan nan nan nan nan nan nan nan nan nan nan
-1.7135570049285888672 -1.3886673450469970703 -1.5908346176147460938 -1.9785500764846801758 -2.1593592166900634766 -2.0030176639556884766 -1.5211763381958007812 -1.4560223817825317383 -1.910654902458190918 -2.4396603107452392578 -2.5824735164642333984 -2.8489739894866943359 -3.3435776233673095703 -3.5147550106048583984 -3.6114604473114013672 -3.7879445552825927734 -3.9600813388824462891 nan nan nan nan nan nan nan nan nan nan nan nan nan nan nan nan nan nan nan nan nan nan nan nan nan nan nan nan nan
-1.8448173999786376953 -1.3695811033248901367 -1.4696247577667236328 -1.850983738899230957 -2.0722367763519287109 -1.8720216751098632812 -1.2792177200317382812 -1.2824394702911376953 -1.8441646099090576172 -2.5138416290283203125 -2.8516097068786621094 -3.2447075843811035156 -3.7082579135894775391 -3.8306956291198730469 -3.9364483356475830078 -4.0053958892822265625 -4.0462141036987304688 nan nan nan nan nan nan nan nan nan nan nan nan nan nan nan nan nan nan nan nan nan nan nan nan nan nan nan nan nan
-1.7619320154190063477 -1.5407915115356445312 -1.3306949138641357422 -1.4138983488082885742 -1.7162616252899169922 -1.8377567529678344727 -1.5419688224792480469 -1.5270897150039672852 -2.0079255104064941406 -2.4590365886688232422 -2.9826295375823974609 -3.5818889141082763672 -3.8692746162414550781 -3.9507548809051513672 -4.0495305061340332031 -4.1144199371337890625 -4.1513094902038574219 nan nan nan nan nan nan nan nan nan nan nan nan nan nan nan nan nan nan nan nan nan nan nan nan nan nan nan nan nan
-1.9185711145401000977 -1.7069163322448730469 -1.469422459602355957 -1.426045536994934082 -1.7560580968856811523 -2.0277359485626220703 -2.0051243305206298828 -1.9575380086898803711 -2.2935154438018798828 -2.5725774765014648438 -3.1869008541107177734 -3.7898218631744384766 -3.98779296875 -4.0830669403076171875 -4.1825757026672363281 -4.2480158805847167969 -4.2619137763977050781 nan nan nan nan nan nan nan nan nan nan nan nan nan nan nan nan nan nan nan nan nan nan nan nan nan nan nan nan nan
-1.7587767839431762695 -1.6667379140853881836 -1.5329695940017700195 -1.5439176559448242188 -1.7879897356033325195 -1.9701620340347290039 -2.1186046600341796875 -2.2003197669982910156 -2.4987676143646240234 -3.0052819252014160156 -3.5911500453948974609 -3.9428889751434326172 -4.1191267967224121094 -4.2329158782958984375 -4.330516815185546875 -4.3563380241394042969 -4.3555536270141601562 nan nan nan nan nan nan nan nan nan nan nan nan nan nan nan nan nan nan nan nan nan nan nan nan nan nan nan nan nan
