data/oyster_dem_buf.asc
ncols        259
nrows        149
xllcorner    -9051628.873678505421
yllcorner    3492744.042225801852
cellsize     1.157226984026
NODATA_value  nan
[rows 40 to 59 of 149, columns 0 to 45 of 259]
-0.89603054523468017578 -0.81939834356307983398 -0.83172869682312011719 -0.82888025045394897461 -1.0626244544982910156 -0.93396109342575073242 -1.0364613533020019531 -1.1654419898986816406 -1.0954211950302124023 -1.0278687477111816406 -1.1077827215194702148 -0.95964854955673217773 -0.88994038105010986328 -1.0551193952560424805 -1.1854628324508666992 -1.250698089599609375 -1.1352111101150512695 -1.21202850341796875 -1.1458938121795654297 -1.1100579500198364258 -1.1374057531356811523 -1.0237150192260742188 -1.0842522382736206055 -1.114261627197265625 -1.3334615230560302734 -1.3181360960006713867 -1.2793698310852050781 -1.2644318342208862305 -1.2544625997543334961 -1.2521731853485107422 -1.1878006458282470703 -1.030507206916809082 -0.85530167818069458008 -0.75014746189117431641 -0.76984107494354248047 -0.78512310981750488281 -0.79600924253463745117 -0.80678254365921020508 -0.84271341562271118164 -0.94090795516967773438 -0.95488506555557250977 -0.90677255392074584961 -0.84827631711959838867 -0.78424632549285888672 -0.5050207972526550293 0.067773237824440002441
-0.91247570514678955078 -0.79963606595993041992 -0.92896568775177001953 -0.91818785667419433594 -1.1319576501846313477 -1.1198813915252685547 -1.2663899660110473633 -1.3421607017517089844 -1.2521816492080688477 -1.2327344417572021484 -1.3356989622116088867 -1.2329697608947753906 -1.2210364341735839844 -1.3141075372695922852 -1.3993394374847412109 -1.3231089115142822266 -1.1383917331695556641 -1.0255159139633178711 -0.98612290620803833008 -1.1249666213989257812 -1.1484596729278564453 -1.0129849910736083984 -1.2032175064086914062 -1.2530499696731567383 -1.3294595479965209961 -1.3156092166900634766 -1.3485924005508422852 -1.3594008684158325195 -1.3168575763702392578 -1.2381118535995483398 -1.0850915908813476562 -0.87783080339431762695 -0.77727305889129638672 -0.70528411865234375 -0.69077712297439575195 -0.72680836915969848633 -0.77625000476837158203 -0.80478823184967041016 -0.84817010164260864258 -0.97586047649383544922 -0.97664153575897216797 -0.83193594217300415039 -0.78332096338272094727 -0.739093780517578125 -0.23466581106185913086 0.55849826335906982422
-0.8105831146240234375 -0.83115732669830322266 -0.94370257854461669922 -1.0054999589920043945 -1.0573740005493164062 -1.1484395265579223633 -1.2613660097122192383 -1.3121122121810913086 -1.1368005275726318359 -1.3233671188354492188 -1.3491301536560058594 -1.3338773250579833984 -1.3925390243530273438 -1.4415173530578613281 -1.4192281961441040039 -1.2732886075973510742 -1.0490891933441162109 -0.62918204069137573242 -0.56638556718826293945 -0.7814483642578125 -0.85843026638031005859 -0.78584456443786621094 -1.0204095840454101562 -1.3047399520874023438 -1.3671305179595947266 -1.351672053337097168 -1.4054207801818847656 -1.3742990493774414062 -1.330681920051574707 -1.1490346193313598633 -0.96778887510299682617 -0.83246988058090209961 -0.75334769487380981445 -0.68507754802703857422 -0.63504165410995483398 -0.62501406669616699219 -0.67444390058517456055 -0.7376568913459777832 -0.80448997020721435547 -0.89233011007308959961 -0.86545449495315551758 -0.76362884044647216797 -0.73131364583969116211 -0.57199972867965698242 0.037345908582210540771 1.0583956241607666016
-0.80417370796203613281 -0.93764376640319824219 -0.86042702198028564453 -0.96455651521682739258 -1.0613262653350830078 -1.1471107006072998047 -1.253931879997253418 -1.3582617044448852539 -1.2351394891738891602 -1.2293854951858520508 -1.2313212156295776367 -1.3173946142196655273 -1.3463226556777954102 -1.3685759305953979492 -1.2937220335006713867 -1.2235732078552246094 -1.2002325057983398438 -0.74460440874099731445 -0.48938119411468505859 -0.53945672512054443359 -0.65326839685440063477 -0.74047303199768066406 -0.99417954683303833008 -1.2606487274169921875 -1.3527985811233520508 -1.4095915555953979492 -1.4503259658813476562 -1.3855429887771606445 -1.274326324462890625 -1.0867651700973510742 -0.93677705526351928711 -0.90153497457504272461 -0.80464905500411987305 -0.71226584911346435547 -0.62875956296920776367 -0.56645560264587402344 -0.55472999811172485352 -0.60241371393203735352 -0.6994419097900390625 -0.84169805049896240234 -0.8250452876091003418 -0.67665213346481323242 -0.64806652069091796875 -0.41146102547645568848 0.34659248590469360352 1.4798033237457275391
-0.84299796819686889648 -0.87156850099563598633 -0.92440855503082275391 -0.89340043067932128906 -0.94029897451400756836 -1.0653824806213378906 -1.3523173332214355469 -1.4471201896667480469 -1.4064137935638427734 -1.1543418169021606445 -1.1870176792144775391 -1.1691445112228393555 -1.028164982795715332 -1.0785624980926513672 -1.1333606243133544922 -1.1569190025329589844 -1.245045781135559082 -0.99232029914855957031 -0.61509335041046142578 -0.47373926639556884766 -0.64525902271270751953 -0.97976487874984741211 -1.1179826259613037109 -1.2188142538070678711 -1.3153573274612426758 -1.3699055910110473633 -1.4442504644393920898 -1.370319366455078125 -1.2220586538314819336 -1.0987410545349121094 -0.94051212072372436523 -0.9848816990852355957 -0.88291257619857788086 -0.78095895051956176758 -0.67983537912368774414 -0.58335584402084350586 -0.5041866302490234375 -0.48042634129524230957 -0.5509898066520690918 -0.74278777837753295898 -0.83895576000213623047 -0.70551300048828125 -0.63866990804672241211 -0.047073975205421447754 1.090319514274597168 2.0947256088256835938
-0.94926983118057250977 -0.81862300634384155273 -1.1371614933013916016 -0.92260962724685668945 -0.99249976873397827148 -1.0813184976577758789 -1.3211487531661987305 -1.2455710172653198242 -1.3768857717514038086 -1.1701252460479736328 -1.2378497123718261719 -1.025852203369140625 -0.97353386878967285156 -0.95380318164825439453 -0.97551834583282470703 -0.96423935890197753906 -1.1075479984283447266 -1.0928488969802856445 -0.87535250186920166016 -0.76128792762756347656 -0.90424269437789916992 -1.1056591272354125977 -1.0073590278625488281 -1.0790477991104125977 -1.2946623563766479492 -1.3220666646957397461 -1.3290897607803344727 -1.2322522401809692383 -1.1773341894149780273 -1.1285068988800048828 -0.95906752347946166992 -1.0640891790390014648 -0.9626929163932800293 -0.86087071895599365234 -0.75777262449264526367 -0.64977794885635375977 -0.54266977310180664062 -0.45520660281181335449 -0.4788360595703125 -0.77951890230178833008 -0.92917329072952270508 -0.69851821660995483398 -0.34543904662132263184 0.77805548906326293945 1.8593089580535888672 2.4370465278625488281
-0.9763571619987487793 -0.92860311269760131836 -1.1455662250518798828 -1.0062965154647827148 -1.178065180778503418 -1.113020777702331543 -1.1214257478713989258 -1.029761195182800293 -1.2459709644317626953 -1.1010533571243286133 -1.2714635133743286133 -1.0188572406768798828 -1.0489612817764282227 -0.97455972433090209961 -0.95576751232147216797 -0.94519048929214477539 -0.95612066984176635742 -1.1624436378479003906 -1.1440299749374389648 -1.117863774299621582 -1.1849050521850585938 -1.0913959741592407227 -0.88588613271713256836 -0.9308039546012878418 -1.1361540555953979492 -1.1895989179611206055 -1.1743201017379760742 -1.179606318473815918 -1.1413277387619018555 -1.1293390989303588867 -1.0058152675628662109 -1.0674308538436889648 -1.0214341878890991211 -0.94184648990631103516 -0.83946394920349121094 -0.73133313655853271484 -0.62075537443161010742 -0.52623057365417480469 -0.57443261146545410156 -0.95804309844970703125 -1.2206964492797851562 -0.87274539470672607422 0.1366023719310760498 1.5175663232803344727 2.3064253330230712891 2.4751439094543457031
-0.91920119524002075195 -0.900981903076171875 -0.9119828343391418457 -1.079491734504699707 -1.2011009454727172852 -1.2299327850341796875 -1.0942503213882446289 -0.92172056436538696289 -1.0422942638397216797 -1.0513399839401245117 -1.1634770631790161133 -1.0321210622787475586 -0.96028208732604980469 -0.90361624956130981445 -0.88423568010330200195 -0.98635149002075195312 -0.97136133909225463867 -1.241770625114440918 -1.2545503377914428711 -1.3990540504455566406 -1.4268324375152587891 -1.1938297748565673828 -1.089058995246887207 -1.0289182662963867188 -1.1255742311477661133 -1.09523773193359375 -1.1124097108840942383 -1.2027372121810913086 -1.1682337522506713867 -1.1266019344329833984 -0.96804404258728027344 -0.88910007476806640625 -0.89390546083450317383 -0.87948197126388549805 -0.86298090219497680664 -0.80835449695587158203 -0.70419967174530029297 -0.63981223106384277344 -0.80254483222961425781 -1.1648901700973510742 -1.2028719186782836914 -0.4998747706413269043 0.7383378148078918457 1.9007433652877807617 2.3976547718048095703 2.4483823776245117188
-1.043130040168762207 -0.87796950340270996094 -0.81351202726364135742 -1.0556391477584838867 -1.1375242471694946289 -1.3311703205108642578 -1.3212578296661376953 -1.2215306758880615234 -1.1667205095291137695 -1.1101458072662353516 -1.1014914512634277344 -1.113431096076965332 -1.0064529180526733398 -0.92296248674392700195 -0.81211686134338378906 -0.91866695880889892578 -1.0037847757339477539 -1.1717516183853149414 -1.2476342916488647461 -1.4374216794967651367 -1.4420969486236572266 -1.3221421241760253906 -1.2701334953308105469 -1.0068219900131225586 -1.0531342029571533203 -1.0363942384719848633 -1.0834803581237792969 -1.1167316436767578125 -1.1045846939086914062 -0.96776974201202392578 -0.7313473820686340332 -0.61781138181686401367 -0.63539451360702514648 -0.65220934152603149414 -0.67413449287414550781 -0.68049651384353637695 -0.67671614885330200195 -0.7123005986213684082 -0.93158566951751708984 -1.2463412284851074219 -0.97546410560607910156 -0.035593722015619277954 1.1203340291976928711 2.0297358036041259766 2.4196083545684814453 2.4974143505096435547
-1.0962026119232177734 -0.90831017494201660156 -0.90532469749450683594 -1.0764946937561035156 -1.1350930929183959961 -1.2536598443984985352 -1.404856562614440918 -1.472362518310546875 -1.4454711675643920898 -1.172163844108581543 -1.2387472391128540039 -1.2676528692245483398 -1.2352968454360961914 -1.1285513639450073242 -1.0166720151901245117 -1.065152287483215332 -1.0641953945159912109 -1.0975267887115478516 -1.182919621467590332 -1.280157923698425293 -1.2320666313171386719 -1.2938334941864013672 -1.293426513671875 -1.0598173141479492188 -0.99751442670822143555 -0.98593556880950927734 -1.0557023286819458008 -1.0316976308822631836 -1.1117110252380371094 -0.87239497900009155273 -0.4102694094181060791 -0.3400917351245880127 -0.35812154412269592285 -0.37604871392250061035 -0.39408722519874572754 -0.41466894745826721191 -0.44343033432960510254 -0.54197776317596435547 -0.93357253074645996094 -1.3134732246398925781 -0.94984316825866699219 -0.12522473931312561035 0.96075743436813354492 1.9534299373626708984 2.3834409713745117188 2.4775631427764892578
-1.156285405158996582 -0.98654419183731079102 -1.0555498600006103516 -1.1034319400787353516 -1.2328615188598632812 -1.3322637081146240234 -1.4148480892181396484 -1.3379397392272949219 -1.3776600360870361328 -1.3010880947113037109 -1.2907205820083618164 -1.2982958555221557617 -1.2737300395965576172 -0.99203050136566162109 -1.0232286453247070312 -1.2772612571716308594 -1.2337628602981567383 -1.142165064811706543 -1.1184704303741455078 -1.1448330879211425781 -1.1377271413803100586 -1.289437413215637207 -1.3377625942230224609 -1.11721038818359375 -1.0160696506500244141 -0.96279573440551757812 -0.9612877964973449707 -1.0242550373077392578 -1.1884837150573730469 -0.83242601156234741211 -0.2081641852855682373 -0.20167459547519683838 -0.22969713807106018066 -0.25407233834266662598 -0.27472296357154846191 -0.2957127988338470459 -0.31705868244171142578 -0.41553807258605957031 -0.85049861669540405273 -1.2811655998229980469 -1.0698897838592529297 -0.39851340651512145996 0.81889373064041137695 1.9276043176651000977 2.3617391586303710938 2.4553532600402832031
-1.3434407711029052734 -1.1404112577438354492 -1.0973694324493408203 -0.99909043312072753906 -1.2534517049789428711 -1.3746626377105712891 -1.2767026424407958984 -1.1374169588088989258 -1.2037922143936157227 -1.2702907323837280273 -1.0731358528137207031 -1.2050480842590332031 -1.3575451374053955078 -1.1623568534851074219 -1.2082657814025878906 -1.4428412914276123047 -1.3276094198226928711 -1.1504894495010375977 -1.0182011127471923828 -1.0503922700881958008 -1.0821046829223632812 -1.2916563749313354492 -1.1683199405670166016 -1.0732501745223999023 -0.96532440185546875 -0.95114922523498535156 -0.93013560771942138672 -0.99715936183929443359 -1.1202263832092285156 -0.72358417510986328125 -0.14507588744163513184 -0.15903523564338684082 -0.18956623971462249756 -0.22160461544990539551 -0.25191980600357055664 -0.28341054916381835938 -0.31318169832229614258 -0.40943282842636108398 -0.82275146245956420898 -1.228867650032043457 -1.0281770229339599609 -0.29406404495239257812 0.92086136341094970703 1.9121721982955932617 2.2404570579528808594 2.3716585636138916016
-1.4809082746505737305 -1.4179619550704956055 -1.3063012361526489258 -1.0504286289215087891 -1.2229124307632446289 -1.2610512971878051758 -1.0633009672164916992 -1.0184931755065917969 -1.1043554544448852539 -1.1912903785705566406 -1.0453107357025146484 -1.1663205623626708984 -1.3659232854843139648 -1.4997392892837524414 -1.5750535726547241211 -1.5701425075531005859 -1.2820707559585571289 -1.1017705202102661133 -0.91643738746643066406 -0.92417681217193603516 -0.95894259214401245117 -1.102232813835144043 -0.95330750942230224609 -0.98242765665054321289 -0.96961861848831176758 -0.94293457269668579102 -0.92853325605392456055 -0.97854900360107421875 -1.0730406045913696289 -0.71831566095352172852 -0.13583239912986755371 -0.14413249492645263672 -0.15301081538200378418 -0.18729014694690704346 -0.22213995456695556641 -0.25899434089660644531 -0.2981510162353515625 -0.38555678725242614746 -0.70740902423858642578 -1.2204207181930541992 -1.2102242708206176758 -0.52983468770980834961 0.41373920440673828125 1.3521287441253662109 1.9430290460586547852 2.2695057392120361328
-1.4803224802017211914 -1.5166118144989013672 -1.5609787702560424805 -1.3017396926879882812 -1.3312989473342895508 -1.3502279520034790039 -1.2100071907043457031 -1.1325075626373291016 -1.1193679571151733398 -1.1310987472534179688 -1.1740182638168334961 -1.1119291782379150391 -1.1810837984085083008 -1.4398417472839355469 -1.6881921291351318359 -1.6447422504425048828 -1.2032572031021118164 -1.057299494743347168 -0.98311209678649902344 -1.1188415288925170898 -1.1969093084335327148 -1.1402146816253662109 -0.86575502157211303711 -0.92853087186813354492 -0.98270928859710693359 -0.91725289821624755859 -0.91427582502365112305 -0.95877695083618164062 -0.99561321735382080078 -0.69565474987030029297 -0.14738209545612335205 -0.14388905465602874756 -0.12194991111755371094 -0.15025670826435089111 -0.18514990806579589844 -0.22691656649112701416 -0.30514028668403625488 -0.43751153349876403809 -0.59740877151489257812 -1.0603424310684204102 -1.3460098505020141602 -1.1748785972595214844 -0.71760547161102294922 0.17946143448352813721 1.0997221469879150391 1.9389499425888061523
-1.496653437614440918 -1.5376331806182861328 -1.5742800235748291016 -1.4790236949920654297 -1.451405644416809082 -1.4151386022567749023 -1.3475524187088012695 -1.2897825241088867188 -1.2425447702407836914 -1.1892461776733398438 -1.1780655384063720703 -1.1035193204879760742 -1.0697690248489379883 -1.3086565732955932617 -1.6173356771469116211 -1.6760803461074829102 -1.3085950613021850586 -1.1859558820724487305 -1.0807758569717407227 -1.2233072519302368164 -1.356467127799987793 -1.2696532011032104492 -0.90066790580749511719 -0.85014820098876953125 -0.84453988075256347656 -0.89591467380523681641 -0.92943847179412841797 -0.99071192741394042969 -0.98945075273513793945 -0.89675432443618774414 -0.31057178974151611328 -0.15031026303768157959 -0.10471308976411819458 -0.11352212727069854736 -0.15169949829578399658 -0.2350152432918548584 -0.43605655431747436523 -0.54380118846893310547 -0.59179741144180297852 -0.84364610910415649414 -1.2204974889755249023 -1.3099439144134521484 -1.2828860282897949219 -1.0429264307022094727 -0.54368138313293457031 0.47618201375007629395
-1.674771428108215332 -1.6177897453308105469 -1.5499110221862792969 -1.5860333442687988281 -1.5215871334075927734 -1.4762023687362670898 -1.3887082338333129883 -1.3933718204498291016 -1.2789196968078613281 -1.2005707025527954102 -1.1324040889739990234 -1.1263740062713623047 -1.0275706052780151367 -1.1892666816711425781 -1.3260123729705810547 -1.57665252685546875 -1.4428842067718505859 -1.3740633726119995117 -1.1173758506774902344 -1.1094777584075927734 -1.2718588113784790039 -1.1911379098892211914 -1.0082764625549316406 -0.83197844028472900391 -0.77900296449661254883 -0.83749145269393920898 -0.86655956506729125977 -0.9844080805778503418 -0.99786049127578735352 -1.0683001279830932617 -0.68395286798477172852 -0.26811835169792175293 -0.11423805356025695801 -0.094759076833724975586 -0.18502877652645111084 -0.40953135490417480469 -0.60650199651718139648 -0.63115328550338745117 -0.60495650768280029297 -0.66367501020431518555 -0.93241846561431884766 -1.0867251157760620117 -1.2240854501724243164 -1.3488559722900390625 -1.2655187845230102539 -0.80950373411178588867
-1.7265725135803222656 -1.6161653995513916016 -1.554226994514465332 -1.6668609380722045898 -1.5985369682312011719 -1.6031304597854614258 -1.4935848712921142578 -1.508444666862487793 -1.3387377262115478516 -1.2289354801177978516 -1.0900009870529174805 -1.1419614553451538086 -0.99599224328994750977 -1.1320245265960693359 -1.140717625617980957 -1.3841128349304199219 -1.4682812690734863281 -1.4896326065063476562 -1.1176592111587524414 -0.9765625 -1.1861298084259033203 -1.1791274547576904297 -1.0537239313125610352 -0.87451684474945068359 -0.85631281137466430664 -0.81194150447845458984 -0.82808762788772583008 -0.93243831396102905273 -0.94498097896575927734 -1.0089675188064575195 -0.93248671293258666992 -0.75105202198028564453 -0.49941179156303405762 -0.28205633163452148438 -0.3863849341869354248 -0.64300328493118286133 -0.68942141532897949219 -0.60752546787261962891 -0.57116258144378662109 -0.64490568637847900391 -0.84528392553329467773 -0.95159113407135009766 -0.89855599403381347656 -0.9442355036735534668 -1.0630325078964233398 -0.98192602396011352539
-1.6276770830154418945 -1.5941946506500244141 -1.61791229248046875 -1.7063204050064086914 -1.6236903667449951172 -1.6246898174285888672 -1.5547845363616943359 -1.4826450347900390625 -1.4506957530975341797 -1.2652482986450195312 -1.1579408645629882812 -1.1906428337097167969 -1.0376214981079101562 -1.1743807792663574219 -1.2091932296752929688 -1.2693370580673217773 -1.3220911026000976562 -1.215817570686340332 -1.1399956941604614258 -1.2316385507583618164 -1.2917000055313110352 -1.2976377010345458984 -1.1634411811828613281 -1.0024815797805786133 -0.93984425067901611328 -0.84540778398513793945 -0.85620695352554321289 -0.88802486658096313477 -0.87937766313552856445 -0.89565014839172363281 -0.95607018470764160156 -0.98972547054290771484 -0.89489579200744628906 -0.78326338529586791992 -0.72267705202102661133 -0.71891462802886962891 -0.6112143397331237793 -0.52651250362396240234 -0.57449179887771606445 -0.71570366621017456055 -0.87799608707427978516 -0.89522755146026611328 -0.65183407068252563477 -0.66089212894439697266 -0.80471634864807128906 -0.74312752485275268555
-1.5260356664657592773 -1.5315349102020263672 -1.581441044807434082 -1.6702253818511962891 -1.6065258979797363281 -1.549637913703918457 -1.5380585193634033203 -1.35904693603515625 -1.4965871572494506836 -1.2742353677749633789 -1.3216794729232788086 -1.2460892200469970703 -1.3139390945434570312 -1.3217395544052124023 -1.3068819046020507812 -1.1767023801803588867 -0.88655757904052734375 -0.59983366727828979492 -0.89447164535522460938 -1.4052633047103881836 -1.2764304876327514648 -1.1470310688018798828 -1.1766942739486694336 -1.0796141624450683594 -0.99537557363510131836 -0.94921880960464477539 -0.87538474798202514648 -0.84337699413299560547 -0.80445104837417602539 -0.80452132225036621094 -0.91840392351150512695 -0.8822333216667175293 -0.94149941205978393555 -0.99695450067520141602 -0.97999405860900878906 -0.9509671330451965332 -0.5574658513069152832 -0.50919014215469360352 -0.60211670398712158203 -0.74413865804672241211 -0.86737287044525146484 -0.83352339267730712891 -0.70099443197250366211 -0.63603049516677856445 -0.62990415096282958984 -0.53374773263931274414
-1.1837807893753051758 -1.1312614679336547852 -1.1752980947494506836 -1.3946142196655273438 -1.4401941299438476562 -1.4264810085296630859 -1.4288082122802734375 -1.2686333656311035156 -1.4336817264556884766 -1.3704202175140380859 -1.4248853921890258789 -1.2976185083389282227 -1.361954808235168457 -1.4217177629470825195 -1.5378477573394775391 -1.1781259775161743164 -0.5225569605827331543 -0.28920251131057739258 -0.51949316263198852539 -1.204506993293762207 -1.3334343433380126953 -1.1975241899490356445 -1.1639767885208129883 -1.0642683506011962891 -1.0461535453796386719 -1.013447880744934082 -0.88433188199996948242 -0.91303968429565429688 -0.90718942880630493164 -0.86318999528884887695 -0.92018860578536987305 -0.84690749645233154297 -0.94862884283065795898 -0.99125039577484130859 -1.0357114076614379883 -1.0828368663787841797 -0.82150667905807495117 -0.86576956510543823242 -0.76042181253433227539 -0.75770801305770874023 -0.87536787986755371094 -0.91310018301010131836 -0.85387533903121948242 -0.72659200429916381836 -0.61607986688613891602 -0.41738212108612060547
