data/oyster_dem_1.asc
ncols        252
nrows        140
xllcorner    557285.119999999995
yllcorner    2029493.439999999944
cellsize     3.280000000000
NODATA_value  nan
[rows 80 to 99 of 140, columns 46 to 91 of 252]
0.31048178672790527344 1.0402926206588745117 1.7702896595001220703 2.3043806552886962891 2.45391845703125 2.5064651966094970703 2.41864013671875 2.1763544082641601562 1.8525043725967407227 1.9364516735076904297 2.2276766300201416016 2.4864642620086669922 2.4430034160614013672 1.2361015081405639648 0.17088595032691955566 -0.76101815700531005859 -1.2817031145095825195 -1.282526850700378418 -0.95705085992813110352 -0.69513094425201416016 -0.48511943221092224121 -0.32513162493705749512 -0.22861339151859283447 -0.18416193127632141113 -0.23770304024219512939 -0.15330572426319122314 -0.095837116241455078125 -0.051726922392845153809 -0.13823328912258148193 -0.32636499404907226562 -0.43504732847213745117 -0.51209902763366699219 -0.19992291927337646484 0.095187954604625701904 0.2147572934627532959 nan nan nan nan nan nan nan nan nan nan nan
-0.1416438668966293335 0.55430310964584350586 1.2442822456359863281 1.9285558462142944336 2.2676966190338134766 2.2357509136199951172 2.3001921176910400391 2.1954839229583740234 2.2249026298522949219 2.3309755325317382812 2.4614169597625732422 2.6229848861694335938 2.4906146526336669922 1.2814980745315551758 -0.21793836355209350586 -1.1483139991760253906 -1.3914613723754882812 -1.2664630413055419922 -0.9681561589241027832 -0.81844002008438110352 -0.62240332365036010742 -0.39456975460052490234 -0.246492043137550354 -0.23202416300773620605 -0.22369647026062011719 -0.13619945943355560303 -0.098387278616428375244 -0.091331414878368377686 -0.329708099365234375 -0.57502686977386474609 -0.58455097675323486328 -0.21042661368846893311 0.10076145082712173462 0.27480196952819824219 0.41583818197250366211 0.51169884204864501953 0.60788595676422119141 0.71397620439529418945 0.81661385297775268555 nan nan nan nan 1.4055221080780029297 1.3447748422622680664 1.3102091550827026367
-0.23694688081741333008 0.44988119602203369141 1.0019147396087646484 1.3922067880630493164 1.8712590932846069336 2.0758452415466308594 2.0427782535552978516 2.1090166568756103516 2.2358498573303222656 2.3837180137634277344 2.6015923023223876953 2.7158217430114746094 2.5888440608978271484 1.5654456615447998047 -0.088832452893257141113 -1.0762540102005004883 -1.3977198600769042969 -1.2384930849075317383 -0.90581667423248291016 -0.69256561994552612305 -0.70094692707061767578 -0.49371129274368286133 -0.33773010969161987305 -0.3213335573673248291 -0.21048188209533691406 -0.12920564413070678711 -0.11717282235622406006 -0.19067367911338806152 -0.41794231534004211426 -0.36679500341415405273 -0.064207434654235839844 0.10628326982259750366 0.28261512517929077148 0.44830292463302612305 0.60923665761947631836 0.73791837692260742188 0.81952637434005737305 0.89704906940460205078 1.006882786750793457 1.1306089162826538086 1.2270274162292480469 1.2900960445404052734 1.3610880374908447266 1.407126307487487793 1.4016580581665039062 1.3951525688171386719
-0.40683397650718688965 0.091253429651260375977 0.64032524824142456055 1.1509412527084350586 1.6223083734512329102 1.9884902238845825195 2.0657789707183837891 2.1387546062469482422 2.3396852016448974609 2.5177795886993408203 2.6374518871307373047 2.7408711910247802734 2.5439293384552001953 1.5233877897262573242 0.081381611526012420654 -1.0048151016235351562 -1.3919054269790649414 -1.289420008659362793 -0.94708871841430664062 -0.62617528438568115234 -0.56155729293823242188 -0.59640347957611083984 -0.54536241292953491211 -0.44438967108726501465 -0.29342409968376159668 -0.41350135207176208496 -0.51796609163284301758 -0.20666016638278961182 -0.28881072998046875 -0.1597070544958114624 0.17763315141201019287 0.40356522798538208008 0.45570984482765197754 0.62143677473068237305 0.7829106450080871582 0.94386786222457885742 1.0576131343841552734 1.1331573724746704102 1.2126196622848510742 1.2849063873291015625 1.291518092155456543 1.2913508415222167969 1.3043302297592163086 1.3327811956405639648 1.4777212142944335938 1.5583593845367431641
-0.61145609617233276367 -0.0625780448317527771 0.44402280449867248535 0.89620232582092285156 1.3590873479843139648 1.8045140504837036133 1.9905580282211303711 2.1721632480621337891 2.3629579544067382812 2.5843932628631591797 2.8269965648651123047 2.8401508331298828125 2.6455233097076416016 1.942676544189453125 0.3473758399486541748 -0.90716326236724853516 -1.3949609994888305664 -1.4749417304992675781 -1.2109608650207519531 -0.77416920661926269531 -0.58301824331283569336 -0.75162267684936523438 -0.80929356813430786133 -0.72395658493041992188 -0.83182191848754882812 -0.98118895292282104492 -0.82465863227844238281 -0.48419389128684997559 -0.52549958229064941406 -0.24841713905334472656 0.32189795374870300293 0.67870277166366577148 0.77288830280303955078 0.78890699148178100586 0.95589691400527954102 1.1178636550903320312 1.2784192562103271484 1.3745218515396118164 1.3732982873916625977 1.3138835430145263672 1.3369065523147583008 1.4353445768356323242 1.4669896364212036133 1.4965308904647827148 1.7295550107955932617 1.9464976787567138672
-0.76546365022659301758 -0.25934585928916931152 0.18744572997093200684 0.62862300872802734375 1.092476963996887207 1.5530045032501220703 1.8346205949783325195 1.9994719028472900391 2.2144272327423095703 2.50743865966796875 2.7304539680480957031 2.7113170623779296875 2.6846725940704345703 2.1091756820678710938 0.56806772947311401367 -0.86502033472061157227 -1.4215538501739501953 -1.4805438518524169922 -1.3796480894088745117 -1.2332732677459716797 -0.95019060373306274414 -0.92630058526992797852 -0.92980784177780151367 -1.0004507303237915039 -1.1632802486419677734 -1.2931845188140869141 -1.0788209438323974609 -0.7929255366325378418 -0.70353925228118896484 -0.2975031733512878418 0.30208951234817504883 0.87969404458999633789 1.0905115604400634766 1.0435248613357543945 1.1215379238128662109 1.2898514270782470703 1.4476494789123535156 1.5624320507049560547 1.2847177982330322266 1.3341157436370849609 1.5799831151962280273 1.649677276611328125 1.8151096105575561523 2.0154128074645996094 2.1858968734741210938 2.3397901058197021484
-0.93755221366882324219 -0.50504201650619506836 -0.067227855324745178223 0.37084922194480895996 0.83270514011383056641 1.3056790828704833984 1.7013812065124511719 2.0067775249481201172 2.209766387939453125 2.3199601173400878906 2.4536995887756347656 2.5698652267456054688 2.6179206371307373047 1.8604557514190673828 0.27543148398399353027 -0.96643155813217163086 -1.4755997657775878906 -1.4597258567810058594 -1.3816885948181152344 -1.2956113815307617188 -1.3154549598693847656 -1.2923364639282226562 -1.2619758844375610352 -1.3162100315093994141 -1.3179497718811035156 -1.3469330072402954102 -1.2961012125015258789 -1.1065607070922851562 -0.86160033941268920898 -0.34524974226951599121 0.26389580965042114258 0.92206799983978271484 1.4016948938369750977 1.419864654541015625 1.3265182971954345703 1.4164067506790161133 1.5477942228317260742 1.5103467702865600586 1.3995060920715332031 1.5529302358627319336 2.0374910831451416016 2.3467736244201660156 2.3733224868774414062 2.4911925792694091797 2.5744879245758056641 2.5429956912994384766
-0.77066707611083984375 -0.46135038137435913086 -0.075425080955028533936 0.31556147336959838867 0.72840678691864013672 1.1554002761840820312 1.5881710052490234375 1.9524405002593994141 2.1123065948486328125 2.243480682373046875 2.3798797130584716797 2.5268452167510986328 2.6088852882385253906 1.967041015625 0.12654507160186767578 -1.1987940073013305664 -1.3858984708786010742 -1.2093753814697265625 -1.2523093223571777344 -1.3158390522003173828 -1.2030795812606811523 -1.271864771842956543 -1.358857274055480957 -1.3433994054794311523 -1.3018393516540527344 -1.2444607019424438477 -1.2921166419982910156 -1.2196407318115234375 -0.91081231832504272461 -0.38677963614463806152 0.22533771395683288574 0.89553177356719970703 1.5194237232208251953 1.7798136472702026367 1.6316896677017211914 1.4446533918380737305 1.5152392387390136719 1.511463165283203125 1.6358993053436279297 2.0754897594451904297 2.5181128978729248047 2.6376821994781494141 2.6328704357147216797 2.6842179298400878906 2.7592480182647705078 2.8970038890838623047
-0.56759321689605712891 -0.1648836284875869751 0.14615419507026672363 0.53521698713302612305 0.9489027857780456543 1.3739565610885620117 1.7603803873062133789 2.0101304054260253906 2.0872335433959960938 2.1773061752319335938 2.3139946460723876953 2.4591181278228759766 2.546665191650390625 2.0598974227905273438 0.1650056689977645874 -1.2147543430328369141 -1.3192294836044311523 -1.2839777469635009766 -1.3744117021560668945 -1.368956446647644043 -1.3316435813903808594 -1.3816769123077392578 -1.3541009426116943359 -1.1986131668090820312 -1.2244676351547241211 -1.2197785377502441406 -1.2891830205917358398 -1.2114707231521606445 -0.88009828329086303711 -0.092080250382423400879 0.60320937633514404297 1.2803981304168701172 1.8709590435028076172 1.9145759344100952148 1.8131428956985473633 1.6597188711166381836 1.5804142951965332031 1.7625737190246582031 2.2189540863037109375 2.56301116943359375 2.6172711849212646484 2.718719482421875 2.7853255271911621094 2.6811566352844238281 2.1243054866790771484 1.9085152149200439453
-0.64702498912811279297 -0.055927745997905731201 0.38793998956680297852 0.75398260354995727539 1.1693154573440551758 1.5864812135696411133 1.9372907876968383789 2.1615619659423828125 2.1406872272491455078 2.1338045597076416016 2.2482938766479492188 2.3912322521209716797 2.4083740711212158203 1.688878178596496582 -0.15063835680484771729 -1.2879060506820678711 -1.45733642578125 -1.4191564321517944336 -1.4307477474212646484 -1.3525991439819335938 -1.3027373552322387695 -1.3613479137420654297 -1.344226837158203125 -1.2286093235015869141 -1.2530401945114135742 -1.2259156703948974609 -1.3037767410278320312 -1.3188388347625732422 -0.85141152143478393555 0.12714818120002746582 1.3359404802322387695 2.1301436424255371094 2.0456564426422119141 1.94293975830078125 1.8314511775970458984 1.7874382734298706055 2.1677079200744628906 2.5010881423950195312 2.6550188064575195312 2.7228024005889892578 2.7093071937561035156 2.6677365303039550781 2.3970649242401123047 1.9306160211563110352 1.2260030508041381836 0.85523909330368041992
-0.74272447824478149414 -0.15353344380855560303 0.43756413459777832031 0.94545197486877441406 1.386014103889465332 1.7742162942886352539 2.0937345027923583984 2.3117785453796386719 2.2581868171691894531 2.1510982513427734375 2.1888608932495117188 2.3285508155822753906 2.3616559505462646484 2.0059726238250732422 0.94376999139785766602 -0.54233348369598388672 -1.2458322048187255859 -1.4667503833770751953 -1.5770926475524902344 -1.4690824747085571289 -1.4749464988708496094 -1.376582026481628418 -1.2756886482238769531 -1.2026864290237426758 -1.1006443500518798828 -0.61683851480484008789 -0.82805854082107543945 -0.88887059688568115234 -0.01297673489898443222 1.2734284400939941406 1.8336167335510253906 1.9941297769546508789 2.0725061893463134766 1.9899117946624755859 2.0156896114349365234 2.2639167308807373047 2.4757795333862304688 2.6885840892791748047 2.8474924564361572266 2.8036627769470214844 2.6234190464019775391 2.0710127353668212891 1.396036982536315918 0.95190900564193725586 0.33208525180816650391 -0.19639821350574493408
-0.82064735889434814453 -0.26859807968139648438 0.34094902873039245605 0.94909322261810302734 1.5678590536117553711 1.9267634153366088867 2.2509365081787109375 2.4516823291778564453 2.3699972629547119141 2.2642843723297119141 2.1693654060363769531 2.259738922119140625 2.3414976596832275391 2.1595606803894042969 1.3918219804763793945 0.34194815158843994141 -0.16908507049083709717 -0.71968233585357666016 -1.4308142662048339844 -1.5569057464599609375 -1.4742765426635742188 -1.4045038223266601562 -1.359429478645324707 -1.2501301765441894531 -0.68847662210464477539 0.09097776561975479126 0.58486145734786987305 0.57239001989364624023 1.2873022556304931641 1.7175672054290771484 1.708182215690612793 1.8801473379135131836 2.2071862220764160156 2.3343677520751953125 2.4514975547790527344 2.5965199470520019531 2.6642355918884277344 2.8160293102264404297 2.9131135940551757812 2.6246850490570068359 1.9313620328903198242 1.1907646656036376953 0.41786092519760131836 -0.11431813985109329224 -0.5639832615852355957 -1.0440359115600585938
-0.98355239629745483398 -0.55646115541458129883 0.30213722586631774902 1.16921234130859375 1.8251122236251831055 2.0497596263885498047 2.3273892402648925781 2.4557981491088867188 2.3630344867706298828 2.2776656150817871094 2.1919867992401123047 2.282501220703125 2.4579136371612548828 2.3522276878356933594 1.8619290590286254883 1.193812251091003418 1.087369084358215332 0.58076107501983642578 -0.66011482477188110352 -1.5673587322235107422 -1.3306145668029785156 -1.2852036952972412109 -1.417620539665222168 -1.3511071205139160156 -0.60101073980331420898 0.73598694801330566406 1.6578676700592041016 2.1272554397583007812 2.2174851894378662109 2.1264836788177490234 2.1001193523406982422 2.1050736904144287109 2.4287893772125244141 2.5614619255065917969 2.6595044136047363281 2.771083831787109375 2.7853472232818603516 2.8493249416351318359 2.3854420185089111328 1.8933653831481933594 1.3640226125717163086 0.61284708976745605469 -0.35376754403114318848 -1.1327978372573852539 -1.3711849451065063477 -1.4208803176879882812
-0.64356434345245361328 0.16537216305732727051 0.89159524440765380859 1.6803227663040161133 2.0903718471527099609 2.15399932861328125 2.2845232486724853516 2.39636993408203125 2.2742674350738525391 2.1444146633148193359 2.1212038993835449219 2.2738327980041503906 2.5409238338470458984 2.5530786514282226562 2.4867229461669921875 2.1244640350341796875 2.1233141422271728516 1.5619633197784423828 -0.53764706850051879883 -1.6960698366165161133 -1.5721938610076904297 -1.3800961971282958984 -1.3428779840469360352 -1.2938985824584960938 -0.62548750638961791992 0.71964508295059204102 1.9768613576889038086 2.5174412727355957031 2.2987282276153564453 2.1768119335174560547 2.2562546730041503906 2.5225722789764404297 2.6674928665161132812 2.6978802680969238281 2.7954239845275878906 2.8066115379333496094 2.5989282131195068359 2.1944813728332519531 1.6162177324295043945 0.98464614152908325195 0.32148653268814086914 -0.015460518188774585724 -0.86479324102401733398 -1.6137652397155761719 -1.7244352102279663086 -1.6847025156021118164
0.16498206555843353271 1.0471432209014892578 1.7344015836715698242 2.0255148410797119141 2.1499037742614746094 2.2339494228363037109 2.2309079170227050781 2.2674305438995361328 2.1025376319885253906 2.0426180362701416016 2.1742503643035888672 2.3164491653442382812 2.5494790077209472656 2.6566596031188964844 2.6457657814025878906 2.5205361843109130859 2.3877875804901123047 2.15181732177734375 0.2813701629638671875 -1.5469506978988647461 -1.6708101034164428711 -1.5591331720352172852 -1.4464118480682373047 -1.4579511880874633789 -1.0510642528533935547 0.14495795965194702148 1.2371735572814941406 1.8776465654373168945 2.2073321342468261719 2.3486239910125732422 2.4507098197937011719 2.6143679618835449219 2.7996549606323242188 2.7675809860229492188 2.7572352886199951172 2.4863820075988769531 1.9495894908905029297 1.5564582347869873047 0.90322667360305786133 0.2112019956111907959 -0.55315726995468139648 -1.3021931648254394531 -1.6804592609405517578 -1.7491459846496582031 -1.7838522195816040039 -1.8001134395599365234
0.54857993125915527344 1.5146406888961791992 1.8724995851516723633 2.0389750003814697266 2.2433657646179199219 2.1702585220336914062 2.0487868785858154297 1.930640101432800293 1.7930275201797485352 1.8815598487854003906 2.1387746334075927734 2.3512189388275146484 2.5735027790069580078 2.6628322601318359375 2.6628859043121337891 2.6392521858215332031 2.4899492263793945312 2.1698727607727050781 1.3328714370727539062 -0.43807336688041687012 -1.6459082365036010742 -1.7005444765090942383 -1.6256814002990722656 -1.5362097024917602539 -1.5548146963119506836 -0.52586889266967773438 0.5330460667610168457 1.1960517168045043945 1.531983494758605957 2.0183975696563720703 2.3700940608978271484 2.6318111419677734375 2.7348942756652832031 2.4539422988891601562 1.958512425422668457 1.7688689231872558594 1.4080855846405029297 0.89852100610733032227 0.26597905158996582031 -0.52060395479202270508 -1.4094077348709106445 -1.8067464828491210938 -1.9416102170944213867 -1.8647248744964599609 -1.7533928155899047852 -1.3360697031021118164
-0.0074603748507797718048 1.2892122268676757812 2.0574331283569335938 2.1566574573516845703 2.1598289012908935547 2.1831202507019042969 2.0431306362152099609 1.8101024627685546875 1.7061376571655273438 1.7865964174270629883 2.0071544647216796875 2.2868912220001220703 2.4629695415496826172 2.5497372150421142578 2.6037080287933349609 2.6001110076904296875 2.4536557197570800781 2.2330439090728759766 1.0878567695617675781 -0.37462007999420166016 -1.4583988189697265625 -1.7421975135803222656 -1.7246518135070800781 -1.64923858642578125 -1.4660234451293945312 -1.0831437110900878906 0.0089052869006991386414 0.55124890804290771484 1.0189311504364013672 1.4477193355560302734 1.652260899543762207 1.8863738775253295898 2.1482422351837158203 1.5209913253784179688 0.92155361175537109375 0.93369883298873901367 0.68317615985870361328 0.25561803579330444336 -0.21984614431858062744 -0.87089651823043823242 -1.4145333766937255859 -1.6861993074417114258 -1.7664495706558227539 -1.1935898065567016602 -1.2815746068954467773 -1.0633984804153442383
0.39902594685554504395 1.6847074031829833984 2.1785693168640136719 2.2527482509613037109 2.2369263172149658203 2.1523356437683105469 1.9646035432815551758 1.7768533229827880859 1.7413794994354248047 1.870444178581237793 2.0503318309783935547 2.2472815513610839844 2.4319033622741699219 2.5521407127380371094 2.5525162220001220703 2.5566160678863525391 2.4512608051300048828 2.3335340023040771484 2.1889665126800537109 0.75405460596084594727 -0.82404029369354248047 -1.6296093463897705078 -1.8256337642669677734 -1.8268679380416870117 -1.6388330459594726562 -1.3239169120788574219 -0.44524207711219787598 0.018280357122421264648 0.48185992240905761719 0.84200084209442138672 0.9154732823371887207 0.70285892486572265625 0.76918452978134155273 0.31874269247055053711 -0.11796907335519790649 0.097638256847858428955 -0.065414242446422576904 -0.19780351221561431885 -0.13799495995044708252 -0.78726017475128173828 -1.2866801023483276367 -1.5308438539505004883 -1.5294879674911499023 -1.0710358619689941406 -1.0684756040573120117 -0.97549760341644287109
1.6652141809463500977 2.0003454685211181641 2.2064452171325683594 2.3513383865356445312 2.2392611503601074219 2.0868880748748779297 1.9138927459716796875 1.7506455183029174805 1.7811279296875 1.9542919397354125977 2.1345734596252441406 2.3066973686218261719 2.3540430068969726562 2.5184512138366699219 2.5348248481750488281 2.5115537643432617188 2.5714282989501953125 2.5386829376220703125 2.5160958766937255859 1.8852938413619995117 0.31224450469017028809 -1.1277123689651489258 -1.752442479133605957 -1.8903321027755737305 -1.6893324851989746094 -1.4991708993911743164 -1.0749634504318237305 -0.53031557798385620117 -0.053293280303478240967 0.24093677103519439697 0.17738164961338043213 -0.41658958792686462402 -0.64478224515914916992 -0.88902193307876586914 -1.181073307991027832 -0.73739701509475708008 -0.52974104881286621094 -0.33299374580383300781 -0.16865028440952301025 -0.53358888626098632812 -0.91521614789962768555 -1.2896555662155151367 -1.2411913871765136719 -0.93266582489013671875 -1.0679914951324462891 -1.0568886995315551758
1.8424822092056274414 2.03224945068359375 2.2401592731475830078 2.3380885124206542969 2.2119512557983398438 2.0714285373687744141 1.876117706298828125 1.7652065753936767578 1.8649823665618896484 2.0381395816802978516 2.2118532657623291016 2.2428953647613525391 2.1908903121948242188 2.4819695949554443359 2.6269857883453369141 2.5866856575012207031 2.6882765293121337891 2.6756656169891357422 2.5384087562561035156 1.7563726902008056641 0.36746057868003845215 -0.65876019001007080078 -1.5049589872360229492 -1.8471860885620117188 -1.6121160984039306641 -1.5640125274658203125 -1.4271057844161987305 -1.0686388015747070312 -0.57138454914093017578 -0.36276090145111083984 -0.5354251861572265625 -1.3174680471420288086 -1.2451188564300537109 -1.3055231571197509766 -1.6450999975204467773 -1.2660524845123291016 -0.93862432241439819336 -0.62046635150909423828 -0.23475776612758636475 -0.47201782464981079102 -1.1945703029632568359 -1.4295302629470825195 -1.0741441249847412109 -0.85210645198822021484 -0.92703253030776977539 -1.1932600736618041992
