outputs/five_years_topographic__elevation.asc
ncols 259
nrows 149
xllcorner 0.0
yllcorner 0.0
cellsize 1.15722698403
[rows 112 to 127 of 149, columns 37 to 73 of 259]
-2.021381937993282918e-01 -2.494661145938152913e-01 -3.953302734626049642e-01 -5.177602403891796712e-01 -7.744249933493847493e-01 -9.220355385077709798e-01 -7.239181995391845703e-01 -7.558849453926086426e-01 -7.588018774986267090e-01 -6.834257841110229492e-01 -6.443814039230346680e-01 -8.837080001831054688e-01 -8.449115753173828125e-01 -7.899276614189147949e-01 -8.248651027679443359e-01 -1.054658532142639160e+00 -1.481661796569824219e+00 -1.516665935516357422e+00 -8.736258745193481445e-01 6.847907602787017822e-02 7.051712274551391602e-01 9.564820528030395508e-01 1.175395727157592773e+00 1.394755959510803223e+00 1.607504487037658691e+00 1.783663153648376465e+00 1.940284013748168945e+00 2.146185874938964844e+00 2.262016296386718750e+00 2.001883506774902344e+00 1.304371356964111328e+00 9.611769914627075195e-01 3.443872034549713135e-01 -2.041690051555633545e-01 -7.268859148025512695e-01 -1.163214206695556641e+00 -1.389408111572265625e+00
-4.443900817168469075e-01 -3.768700891268963460e-01 -3.335059815181011800e-01 -3.897500270140881184e-01 -6.495707863105053548e-01 -7.712745302451367024e-01 -7.310065031051635742e-01 -6.621263027191162109e-01 -6.632149219512939453e-01 -7.524599432945251465e-01 -6.424793004989624023e-01 -8.776600360870361328e-01 -8.887483477592468262e-01 -1.002597093582153320e+00 -1.122571706771850586e+00 -1.215237259864807129e+00 -1.499169111251831055e+00 -1.418240070343017578e+00 -1.115892171859741211e+00 -2.260007858276367188e-01 3.847589194774627686e-01 6.604481935501098633e-01 9.088725447654724121e-01 1.140595912933349609e+00 1.375606536865234375e+00 1.589435338973999023e+00 1.783620834350585938e+00 2.020320892333984375e+00 2.204104185104370117e+00 1.967396259307861328e+00 9.170087575912475586e-01 4.238842427730560303e-01 -2.208392024040222168e-01 -7.859374880790710449e-01 -1.261477828025817871e+00 -1.367626428604125977e+00 -1.246143102645874023e+00
-1.119336211038898909e+00 -9.516375892890209798e-01 -7.705772751105541829e-01 -5.241531365645641927e-01 -6.878827446234936360e-01 -7.833415501845593099e-01 -7.479074597358703613e-01 -5.412649512290954590e-01 -5.813842415809631348e-01 -7.971548438072204590e-01 -6.946638822555541992e-01 -7.853011488914489746e-01 -7.245848774909973145e-01 -8.969454169273376465e-01 -1.105484724044799805e+00 -1.210464596748352051e+00 -1.311899900436401367e+00 -1.245875239372253418e+00 -1.299323201179504395e+00 -5.390920639038085938e-01 8.033971488475799561e-02 3.777141571044921875e-01 6.351867318153381348e-01 8.682062029838562012e-01 1.102381110191345215e+00 1.265667080879211426e+00 1.393164873123168945e+00 1.753004670143127441e+00 2.060686826705932617e+00 1.879276394844055176e+00 6.555966734886169434e-01 -1.068665087223052979e-01 -7.781383395195007324e-01 -1.310678243637084961e+00 -1.503632903099060059e+00 -1.280330538749694824e+00 -1.247860074043273926e+00
-1.494812571359943831e+00 -1.397116863085102523e+00 -1.100870811296772445e+00 -7.711855405104870442e-01 -1.018513523889851058e+00 -1.021524154497456038e+00 -9.114218354225158691e-01 -6.407698392868041992e-01 -5.782362818717956543e-01 -7.167367339134216309e-01 -6.860493421554565430e-01 -6.734854578971862793e-01 -6.922237873077392578e-01 -7.381379008293151855e-01 -9.515858888626098633e-01 -1.058208107948303223e+00 -9.867111444473266602e-01 -1.014386057853698730e+00 -1.174921274185180664e+00 -8.312327861785888672e-01 -2.204169183969497681e-01 9.774976968765258789e-02 3.612377643585205078e-01 5.926610827445983887e-01 8.024734854698181152e-01 8.606187105178833008e-01 8.139445781707763672e-01 1.120334982872009277e+00 1.547963857650756836e+00 1.518117308616638184e+00 1.984489411115646362e-01 -7.055401206016540527e-01 -1.357109069824218750e+00 -1.617251753807067871e+00 -1.476192951202392578e+00 -1.219988226890563965e+00 -1.396144270896911621e+00
-1.254333138465881348e+00 -1.365524732424091781e+00 -1.196714484049152816e+00 -9.915849798453564290e-01 -1.195619665933918441e+00 -1.307882510973286116e+00 -1.197553873062133789e+00 -1.026637434959411621e+00 -9.004029631614685059e-01 -6.339780688285827637e-01 -6.424197554588317871e-01 -6.301676630973815918e-01 -7.235265970230102539e-01 -7.217550873756408691e-01 -8.421419858932495117e-01 -8.099807500839233398e-01 -8.300529122352600098e-01 -9.208325743675231934e-01 -9.394403100013732910e-01 -9.194759130477905273e-01 -5.164425969123840332e-01 -1.862758696079254150e-01 8.419434726238250732e-02 3.040869832038879395e-01 4.547036588191986084e-01 4.276917576789855957e-01 2.080264836549758911e-01 3.373300135135650635e-01 7.182193994522094727e-01 6.907329559326171875e-01 -2.874063253402709961e-01 -1.110292077064514160e+00 -1.531265854835510254e+00 -1.588264226913452148e+00 -1.475641369819641113e+00 -1.367041110992431641e+00 -1.500848650932312012e+00
-9.297775626182556152e-01 -1.240513884378742659e+00 -1.287291132761311019e+00 -1.125320040537189925e+00 -1.117944442583393538e+00 -1.167515241457294906e+00 -1.144885384394001449e+00 -1.119390212847065413e+00 -9.475026958716625813e-01 -6.735481851828808431e-01 -9.271877640021557454e-01 -6.710594296455383301e-01 -6.369790434837341309e-01 -6.194291710853576660e-01 -7.639677524566650391e-01 -7.426223158836364746e-01 -8.259010910987854004e-01 -9.183629751205444336e-01 -7.729401588439941406e-01 -9.384675621986389160e-01 -7.541424036026000977e-01 -4.838148057460784912e-01 -2.301648110151290894e-01 -4.888083785772323608e-02 6.869519501924514771e-02 -3.363763540983200073e-02 -3.704331815242767334e-01 -4.409967958927154541e-01 -2.790080606937408447e-01 -3.181767463684082031e-01 -6.437453031539916992e-01 -1.160159349441528320e+00 -1.456326723098754883e+00 -1.358482956886291504e+00 -1.336698174476623535e+00 -1.353690862655639648e+00 -1.461434483528137207e+00
-8.288331627845764160e-01 -1.021695458246540511e+00 -1.219945990396809066e+00 -1.247008048845600570e+00 -1.118919812990498031e+00 -9.572026961577648763e-01 -8.833107584250683431e-01 -8.100370400679821614e-01 -6.069620483649487142e-01 -5.962542527449841145e-01 -1.087931954218220199e+00 -1.001899921251606429e+00 -7.469633453620190267e-01 -5.348676675093884114e-01 -6.531157493591308594e-01 -8.836554884910583496e-01 -8.760257959365844727e-01 -9.706031084060668945e-01 -7.696998715400695801e-01 -9.009423851966857910e-01 -9.074596166610717773e-01 -8.720582723617553711e-01 -8.171330690383911133e-01 -6.375908851623535156e-01 -4.001189172267913818e-01 -5.456068515777587891e-01 -9.590384960174560547e-01 -1.270838856697082520e+00 -1.236345767974853516e+00 -1.069719076156616211e+00 -9.879831671714782715e-01 -1.400470495223999023e+00 -1.716996312141418457e+00 -1.498255729675292969e+00 -1.330139279365539551e+00 -1.288321495056152344e+00 -1.398965954780578613e+00
-7.653512358665466309e-01 -8.419281244277954102e-01 -9.179297321570629720e-01 -1.198523008180927718e+00 -1.174585306001972640e+00 -1.040085875345539534e+00 -8.564786546958202962e-01 -6.180505984557385091e-01 -4.005541735423321370e-01 -4.870413773787731770e-01 -9.337432020438427571e-01 -1.204648339105915511e+00 -9.940013521445507649e-01 -6.304043167365307454e-01 -6.566024058593029622e-01 -9.106823437941784505e-01 -1.061197400093078613e+00 -1.182134866714477539e+00 -9.379259943962097168e-01 -9.905375838279724121e-01 -1.094842553138732910e+00 -1.196229696273803711e+00 -1.232593536376953125e+00 -1.097927451133728027e+00 -8.332471847534179688e-01 -9.216309189796447754e-01 -1.200609207153320312e+00 -1.646169066429138184e+00 -1.824828743934631348e+00 -1.635609745979309082e+00 -1.521062135696411133e+00 -1.745893120765686035e+00 -1.986729621887207031e+00 -1.664528727531433105e+00 -1.399452447891235352e+00 -1.412640929222106934e+00 -1.562087416648864746e+00
-7.281293869018554688e-01 -7.519207000732421875e-01 -7.476255297660827637e-01 -9.076143139136547688e-01 -1.244320594621967757e+00 -1.242376291109394515e+00 -1.071324431253742659e+00 -8.078586095107311849e-01 -7.009055846465344075e-01 -7.544531458152050618e-01 -9.209805362952465657e-01 -9.649401539099926595e-01 -8.069827788604015950e-01 -6.304912203086132649e-01 -6.374609106314892415e-01 -7.592836850417370442e-01 -9.462255471480602864e-01 -1.195471965624165023e+00 -1.164634466171264648e+00 -1.102149367332458496e+00 -1.034996628761291504e+00 -1.218845963478088379e+00 -1.370952486991882324e+00 -1.511371850967407227e+00 -1.095745801925659180e+00 -1.184079766273498535e+00 -1.240081429481506348e+00 -1.481099605560302734e+00 -1.803289175033569336e+00 -1.993509054183959961e+00 -1.973236441612243652e+00 -1.874927282333374023e+00 -1.924590826034545898e+00 -1.669196128845214844e+00 -1.492167353630065918e+00 -1.416030645370483398e+00 -1.408898472785949707e+00
-7.970913052558898926e-01 -7.824376821517944336e-01 -7.928611040115356445e-01 -8.048769235610961914e-01 -1.264870964838337386e+00 -1.346894108606647933e+00 -1.288071595979999984e+00 -1.194261514498066390e+00 -1.182608091188740218e+00 -1.108833634210895980e+00 -1.095663987947773421e+00 -8.583796852362866048e-01 -5.748546355498547200e-01 -4.837852650416607503e-01 -4.760235481990093831e-01 -5.064737432730908040e-01 -5.566115611327404622e-01 -8.005315893424267415e-01 -1.158735596491169417e+00 -1.227776408195495605e+00 -1.113718986511230469e+00 -1.156525015830993652e+00 -1.263996839523315430e+00 -1.488310098648071289e+00 -1.132425189018249512e+00 -1.262125730514526367e+00 -1.196132779121398926e+00 -1.294015049934387207e+00 -1.525605559349060059e+00 -1.851730227470397949e+00 -2.022861480712890625e+00 -1.921619296073913574e+00 -1.572035789489746094e+00 -1.574397683143615723e+00 -1.534905195236206055e+00 -1.424373269081115723e+00 -1.358722686767578125e+00
-1.029095768928527832e+00 -9.060665369033813477e-01 -8.092620372772216797e-01 -7.519567608833312988e-01 -1.077319025993347168e+00 -1.315292918039631331e+00 -1.405167900873493636e+00 -1.410413586450886214e+00 -1.255298220468830550e+00 -1.004799925638508284e+00 -1.097622715784382308e+00 -9.613877170813793782e-01 -6.344511740935558919e-01 -3.962607019675488118e-01 -4.269030028117413167e-01 -4.829018646014446858e-01 -3.958007329238171224e-01 -5.596173637641186360e-01 -1.025660001589130843e+00 -1.270568334413837874e+00 -1.159009099006652832e+00 -1.027334213256835938e+00 -9.714639782905578613e-01 -1.205936670303344727e+00 -1.102879643440246582e+00 -1.237224102020263672e+00 -1.154271245002746582e+00 -1.218239307403564453e+00 -1.315485119819641113e+00 -1.472041845321655273e+00 -1.684884309768676758e+00 -1.717272996902465820e+00 -1.378387331962585449e+00 -1.455941796302795410e+00 -1.425053358078002930e+00 -1.359729051589965820e+00 -1.393648147583007812e+00
-1.315696597099304199e+00 -1.229333281517028809e+00 -1.075742483139038086e+00 -7.818937897682189941e-01 -9.318939447402954102e-01 -1.262859188867878402e+00 -1.440429174257587874e+00 -1.423208200289082015e+00 -1.099438154054951156e+00 -9.443238609565014485e-01 -9.425109260810131673e-01 -1.021356903864216292e+00 -8.944915765059704427e-01 -7.032925718558544759e-01 -7.354482048285717610e-01 -8.560101621878857259e-01 -7.015913360846752767e-01 -7.485344641936535481e-01 -1.052438818765949691e+00 -1.200891696764301741e+00 -1.092074394226074219e+00 -9.545590877532958984e-01 -8.935188055038452148e-01 -9.548912048339843750e-01 -9.437041282653808594e-01 -1.083187580108642578e+00 -1.148729920387268066e+00 -1.234137296676635742e+00 -1.271978855133056641e+00 -1.320469975471496582e+00 -1.428934693336486816e+00 -1.498394370079040527e+00 -1.400060772895812988e+00 -1.351203680038452148e+00 -1.297432422637939453e+00 -1.373299956321716309e+00 -1.406051993370056152e+00
-1.427317142486572266e+00 -1.759120941162109375e+00 -1.981159329414367676e+00 -1.270034670829772949e+00 -1.290319919586181641e+00 -1.383087121797871077e+00 -1.415063940836262191e+00 -1.333021723581623519e+00 -1.093929254366230452e+00 -1.049550139261555159e+00 -8.764914506209606770e-01 -1.034413778139423812e+00 -9.096944564116711263e-01 -7.976879113448376302e-01 -8.116490476859326009e-01 -8.601742022765392903e-01 -9.047852986586804036e-01 -9.927618139518017415e-01 -1.194623553110432113e+00 -1.072008454157185042e+00 -9.278976917266845703e-01 -9.177672266960144043e-01 -8.896965980529785156e-01 -8.592463731765747070e-01 -8.465095162391662598e-01 -9.630398750305175781e-01 -1.099526882171630859e+00 -1.149178743362426758e+00 -1.227368712425231934e+00 -1.278319001197814941e+00 -1.236429691314697266e+00 -1.380818486213684082e+00 -1.303149104118347168e+00 -1.213811278343200684e+00 -1.162106752395629883e+00 -1.290451884269714355e+00 -1.356601476669311523e+00
-1.600370049476623535e+00 -2.140289306640625000e+00 -2.420068264007568359e+00 -1.908937096595764160e+00 -1.629345857454609359e+00 -1.392510973764728988e+00 -1.170105897737812484e+00 -1.066752039743732894e+00 -9.684359067214245442e-01 -1.002477013422321761e+00 -1.053045713259052718e+00 -1.075040900064777816e+00 -7.167581551802868489e-01 -6.502654188407177571e-01 -6.603484385741467122e-01 -7.459571593535656575e-01 -9.190847509635204915e-01 -1.049321972681354964e+00 -1.117861949755024398e+00 -8.932967185974121094e-01 -8.936918973922729492e-01 -7.766596674919128418e-01 -8.190843462944030762e-01 -7.963055372238159180e-01 -7.581628561019897461e-01 -9.110943675041198730e-01 -1.037649273872375488e+00 -1.085215806961059570e+00 -1.166525721549987793e+00 -1.210712909698486328e+00 -1.149333715438842773e+00 -1.360632777214050293e+00 -1.220780253410339355e+00 -1.112838387489318848e+00 -9.237115383148193359e-01 -9.101384878158569336e-01 -9.629138708114624023e-01
-1.967065453529357910e+00 -2.335270404815673828e+00 -2.281856775283813477e+00 -1.955901586366962874e+00 -1.415429794145893538e+00 -1.060076200319599593e+00 -7.454263203871960286e-01 -6.039731734526867513e-01 -5.818045967353100423e-01 -7.647680872214550618e-01 -1.082776986910175765e+00 -1.175634943796467269e+00 -8.793744080794567708e-01 -7.829211586249584798e-01 -7.039611571563000325e-01 -7.420764201415295247e-01 -8.609568112624401692e-01 -9.791440003646130208e-01 -1.001047932459186995e+00 -9.069148898124694824e-01 -8.502318263053894043e-01 -6.463748216629028320e-01 -7.568281888961791992e-01 -7.808384895324707031e-01 -7.610607147216796875e-01 -8.554001450538635254e-01 -9.521859884262084961e-01 -1.055668711662292480e+00 -1.025726079940795898e+00 -1.084116101264953613e+00 -1.081873059272766113e+00 -1.139236569404602051e+00 -1.064096689224243164e+00 -8.250517845153808594e-01 -4.917228817939758301e-01 -3.769561350345611572e-01 -3.889904916286468506e-01
-2.337495326995849609e+00 -2.449527502059936523e+00 -2.214408599687885726e+00 -1.671508871866535628e+00 -1.061484896494221175e+00 -6.198423736823315267e-01 -3.387600117457623128e-01 -2.249584728015179280e-01 -2.492263251078838948e-01 -4.942586057914013509e-01 -9.260513418448681477e-01 -1.253300630403828109e+00 -1.182832800699543441e+00 -1.060902916742634261e+00 -9.341836803687328938e-01 -8.896004193557018880e-01 -9.003053539527172688e-01 -8.899901145232433919e-01 -9.856388204825634602e-01 -9.840438961982727051e-01 -9.024724960327148438e-01 -7.502286434173583984e-01 -7.828316688537597656e-01 -7.483940124511718750e-01 -8.837149143218994141e-01 -9.071881771087646484e-01 -1.046143293380737305e+00 -1.116417884826660156e+00 -9.879753589630126953e-01 -9.364725351333618164e-01 -9.003927707672119141e-01 -8.322422504425048828e-01 -7.108004689216613770e-01 -3.689967691898345947e-01 -1.214933488517999649e-02 1.676043123006820679e-01 2.056404650211334229e-01
