outputs/five_years_flood_vel.asc
ncols 259
nrows 149
xllcorner 0.0
yllcorner 0.0
cellsize 1.15722698403
[rows 34 to 50 of 149, columns 148 to 184 of 259]
1.081510310927703585e-06 1.560714781437439878e-06 2.103241575245821430e-06 2.747674911963980788e-06 3.508719861540661462e-06 4.399023446161659911e-06 5.438522343998861856e-06 6.666036533827826121e-06 8.304827146501481293e-06 1.172289484052906180e-05 2.456311685104917001e-05 1.937979797622854964e-03 2.405469068126621455e-03 2.028377626939633499e-03 1.988359632080126393e-03 1.374042444955902650e-03 8.656644980890156006e-04 7.805951236465449644e-04 6.666751298349592268e-04 4.908113980420395015e-04 5.414665468619602254e-04 9.805028109402091473e-04 1.289432866220842962e-03 8.769667201985870391e-04 3.073749963852391966e-04 1.483248108488425762e-04 8.785488136986446426e-05 6.197851671901650084e-05 4.159273677502229645e-05 3.546805962353368315e-05 3.257020782013743648e-05 2.247746890378309287e-05 -1.554732070431322932e-05 -1.290982678757027120e-05 -1.822172697098266300e-05 -3.107554842420016017e-05 -6.106426062140726460e-05
1.036737535738695378e-06 1.530441839608385053e-06 2.094978603795075362e-06 2.747674911963980788e-06 3.508719861540661462e-06 4.404769435071870676e-06 5.520206681269747052e-06 6.724661229010411765e-06 8.304827146501481293e-06 1.172289484052906180e-05 1.879713118675583282e-04 1.258033202133919176e-03 2.405469068126621455e-03 1.509278358992278361e-03 1.563000193352786409e-03 1.093009811291264025e-03 7.467162105961425459e-04 6.489203093631674491e-04 5.559802831957695417e-04 4.547246206074879180e-04 5.619802325587413714e-04 1.118316099456853402e-03 1.404167276549005269e-03 8.769667201985870391e-04 3.942129078921358869e-04 2.222271906320001742e-04 1.633883200741054729e-04 1.251000211830986288e-04 1.146202640150159689e-04 1.349327058376783596e-04 1.397502696093806738e-04 1.023652604695509977e-04 4.244451434710244821e-05 7.686187490502345099e-06 1.514824227189095563e-05 -8.330105535781402658e-06 -6.106426062140726460e-05
9.349724002810655277e-07 1.429336437462382321e-06 1.998556088361950063e-06 2.664960141243607143e-06 3.456960717129633536e-06 4.404769435071870676e-06 5.520206681269747052e-06 7.117816342643178426e-06 9.028456180637349843e-06 6.015136829304170097e-05 2.991363880478973398e-04 8.954778226329134947e-04 1.856829133993502436e-03 1.451977918493332085e-03 1.765190875597821493e-03 1.054901025923433338e-03 7.272029841763394181e-04 6.755987185427116777e-04 4.380132781878156201e-04 3.870257937612094730e-04 6.331990629581708829e-04 1.118316099456853402e-03 1.404167276549005269e-03 8.711262869668141970e-04 4.354107112365153279e-04 2.593781064784769102e-04 2.070542146428939263e-04 2.015490130336858158e-04 1.810379818917756992e-04 1.891851604224990412e-04 1.397502696093806738e-04 1.023652604695509977e-04 4.244451434710244821e-05 7.686187490502345099e-06 1.514824227189095563e-05 4.634373377459382741e-05 -3.451326670861123709e-05
7.748873896189668683e-07 1.253375421598481535e-06 1.804949170946975985e-06 2.456648847518838350e-06 3.249393430662825579e-06 4.242886895726235954e-06 5.512873716998104799e-06 7.205274243927217451e-06 9.839036504867354553e-06 1.455448683973638389e-04 3.784241034072677551e-04 7.391537782113904997e-04 1.275426426436482991e-03 1.451977918493332085e-03 1.765190875597821493e-03 1.534272076810799844e-03 9.895051629516639965e-04 8.774941612799767171e-04 4.473938465022060358e-04 4.395531302328018353e-04 6.953583775484025679e-04 1.114856988351263034e-03 1.265954324689072411e-03 8.380904716460843779e-04 5.035062851811600727e-04 2.983199242271450261e-04 2.236588007510913623e-04 2.015490130336858158e-04 1.810379818917756992e-04 1.891851604224990412e-04 1.110238749666454664e-04 -1.922819845275964697e-05 -8.481738625159009038e-05 -4.765188065378497112e-05 -9.028457834259691804e-07 7.480687230809693214e-05 5.978197489708478150e-05
5.596746118602495520e-07 1.004328688365361044e-06 1.511216326308463951e-06 2.107292647222316329e-06 2.841077262276408127e-06 3.804511000172128364e-06 5.170584948353350088e-06 7.205274243927217451e-06 7.068945177755316632e-05 2.209761082921477167e-04 4.328671683970241636e-04 6.716598209915679296e-04 9.952628418392584723e-04 1.265267952559882576e-03 1.454877492207349134e-03 1.534272076810799844e-03 1.432911071365193089e-03 1.426199977291248968e-03 6.370603400285185279e-04 4.813614900981339796e-04 6.953583775484025679e-04 1.025336521340004543e-03 1.173499955047342799e-03 8.664900614062837373e-04 5.248347479720784359e-04 3.212910197597875265e-04 2.469026413245935985e-04 2.062584709165514029e-04 1.830849319219218449e-04 1.353833692368401739e-04 1.490660146165537209e-05 -7.886068146202792099e-05 -1.140263146508787526e-04 -8.246699738535135792e-05 -2.685268063869728584e-05 7.480687230809693214e-05 1.476943800633044221e-04
2.982915341698927455e-07 6.930483936940444728e-07 1.128294798699400439e-06 1.620228152785462562e-06 2.203111971047944224e-06 2.963494894332403245e-06 4.159680832315758731e-06 1.610652559633325915e-05 9.097714609753422359e-05 2.574943878373817151e-04 4.393018934034920967e-04 6.308988098700215935e-04 8.413159469011690511e-04 1.060849411262939496e-03 1.198658704003572901e-03 1.308697199086143780e-03 1.432911071365193089e-03 1.426199977291248968e-03 1.313017620305877500e-03 8.172695423897289669e-04 6.814809400405485908e-04 8.301551742542521506e-04 1.086070164513375323e-03 9.468724977877857876e-04 6.533294693732060116e-04 3.436363533805817153e-04 2.469026413245935985e-04 2.062584709165514029e-04 1.830849319219218449e-04 1.173186509098988469e-04 3.924251707557897681e-05 -2.854368339692903706e-05 -4.176738883039664057e-05 -1.921493458792588815e-05 -5.992490610298530241e-06 2.712398581110678558e-05 1.476943800633044221e-04
5.495612660074980272e-09 3.412785535413345095e-07 6.886863220099775256e-07 1.042213194171874373e-06 1.387647574797786930e-06 1.686675773793937513e-06 1.810984306732350546e-06 1.610652559633325915e-05 1.032255199948819399e-04 2.680768377759707886e-04 4.393018934034920967e-04 5.723867642212452376e-04 7.059981255071969735e-04 8.850948796583164640e-04 1.013640046944336553e-03 1.092657078987948911e-03 1.292220996256112286e-03 1.413798975404991550e-03 1.462754008314816855e-03 1.605870757182536633e-03 9.370851515301592332e-04 8.414206830154737733e-04 1.014341568464749432e-03 9.468724977877857876e-04 6.890734543715769378e-04 4.626216094794038231e-04 2.623594950337288390e-04 2.032494385583837732e-04 1.999126579419133599e-04 1.843899590071661047e-04 1.020853343628461086e-04 2.633288109047221719e-05 3.234172880121519936e-05 4.898805481381770925e-05 4.701948385103021721e-05 2.918789687638495084e-05 1.247172163020934972e-04
-3.007011660422188026e-07 -2.211611419875880654e-08 2.429587416271087690e-07 4.722907270945484573e-07 6.185893601774467752e-07 5.845763193130130305e-07 2.025688162654168606e-07 -8.689289300010899313e-06 1.032255199948819399e-04 2.759239876481652583e-04 4.553366577584854065e-04 5.527200630028060229e-04 6.290322496284363749e-04 7.808809703690862631e-04 8.740835214406493395e-04 9.281321873489803203e-04 1.102101844199348960e-03 1.292240950147531889e-03 1.462754008314816855e-03 1.638364670121063033e-03 1.224231050964091341e-03 1.114112567571688868e-03 1.386279119493092748e-03 9.033230842546375932e-04 6.890734543715769378e-04 5.147160500176495507e-04 3.705395278157532597e-04 2.985965669388267619e-04 3.228292734930021798e-04 2.975702917716437773e-04 1.797070429967769617e-04 1.036464790230973149e-04 9.627986521571602584e-05 8.772366909034385338e-05 7.520887640890057304e-05 5.838559674908861790e-05 6.645637327333695171e-05
-6.039208147113571805e-07 -3.720005859210077230e-07 -1.670259683974519655e-07 -1.459838759841275512e-08 2.984281950436147685e-08 -1.695286729845725262e-07 -1.777596793471463934e-07 8.112121662222678427e-07 9.867653463422961673e-05 2.759239876481652583e-04 4.553366577584854065e-04 5.447989186262620648e-04 5.781109192844445261e-04 6.716623882972536791e-04 7.290848415900441420e-04 7.893147628433966854e-04 9.666836342866397865e-04 1.087244615527147495e-03 1.383625420229106376e-03 1.638364670121063033e-03 1.277861435565282771e-03 1.225685841129230949e-03 1.415582278520155805e-03 1.561220202311409911e-03 9.106929497742113737e-04 5.467797698833432246e-04 4.747149527397608319e-04 4.575891148959963079e-04 4.752981236980426149e-04 4.138627833591873887e-04 2.709062432458977194e-04 1.852737866545870512e-04 1.531114907986188872e-04 1.389913224427237102e-04 1.072973535232233495e-04 8.416353089231096152e-05 1.590346589838190940e-05
-8.931922477374306073e-07 -6.949394463765257888e-07 -5.244636416975307306e-07 -3.935011285950201433e-07 -3.150910215769285356e-07 -2.853424532248342985e-07 -1.777596793471463934e-07 8.112121662222678427e-07 8.815237840400607901e-05 2.690854812870922277e-04 4.543920813716310274e-04 5.184825131167653455e-04 5.428023862183645794e-04 5.998515879906372861e-04 6.670073019443876301e-04 6.915503763921126588e-04 8.410186965176606223e-04 9.463507751221400749e-04 1.225335141819551034e-03 1.487092454143896939e-03 1.338480518369605885e-03 1.354622026998466384e-03 1.450823306397413040e-03 1.561220202311409911e-03 1.635364449671708551e-03 8.655444500149880481e-04 5.660574477771182457e-04 6.168453865002565843e-04 6.050249042322054013e-04 5.354169518200102172e-04 3.728732316789988674e-04 2.586792650306089987e-04 2.246319293570479814e-04 2.072945517729771463e-04 1.474433888048740972e-04 8.416353089231096152e-05 -3.240563340853082482e-05
-1.163328603813365972e-06 -9.901013101500075687e-07 -8.423880234210936845e-07 -7.198514635071768494e-07 -6.113633239921581994e-07 -4.789904389908790771e-07 -2.297170528553709493e-07 2.703919392838437257e-07 7.273628142945880095e-05 2.421777470825302477e-04 4.284202934571703964e-04 4.888908139020112882e-04 5.045960204373889282e-04 5.430788698327087974e-04 5.858283639062772255e-04 5.865631838213311100e-04 6.548092386539083876e-04 7.549948782027125251e-04 9.800154523473348159e-04 1.292573550327385428e-03 1.535012475977589035e-03 1.474003436485316195e-03 1.456693331537262711e-03 1.550158106814401773e-03 1.635364449671708551e-03 1.604879332762414222e-03 9.329144511422229370e-04 8.459330485489616105e-04 6.050249042322054013e-04 6.010948260582612244e-04 4.468094860097467135e-04 2.735815689165239256e-04 2.246319293570479814e-04 2.072945517729771463e-04 1.474433888048740972e-04 4.378628421258454873e-05 -7.063582656413102746e-05
-1.411465193006928099e-06 -1.259749166989218895e-06 -1.135135678329708611e-06 -1.032153378020706686e-06 -9.315203718936996866e-07 -7.895389258911117801e-07 -5.325100323672008053e-07 -9.294622784108140939e-08 5.410876342676489056e-05 2.003889101343584963e-04 3.770741381649507550e-04 4.497793851200983868e-04 4.584504888413575333e-04 4.825272650445265382e-04 4.922323846948730699e-04 4.877629010204515372e-04 5.147588034623863922e-04 5.789946506398682561e-04 6.974613500520818535e-04 1.100225398379477875e-03 1.535012475977589035e-03 1.510439165858040332e-03 1.524497766781968740e-03 1.548304604050758761e-03 1.621202679542729135e-03 1.604879332762414222e-03 1.462429932313446396e-03 1.498845381414283138e-03 6.404685619477237541e-04 6.010948260582612244e-04 4.540338266081637617e-04 3.028892958006570058e-04 2.347553333380185490e-04 1.583728627672917398e-04 7.685266215205569516e-05 2.740095544794075773e-06 -3.649494348964201781e-05
-1.633646449001185161e-06 -1.502294486469947122e-06 -1.406252144887873942e-06 -1.342105998352077695e-06 -1.293025859670877244e-06 -1.215134860312593542e-06 -1.017837922881191609e-06 -5.576190442410220730e-07 2.710645615479170516e-05 1.455152643533091591e-04 2.947197061008404850e-04 3.603647890555470375e-04 3.784053414278544742e-04 3.974093021033574019e-04 4.311347534009942156e-04 3.944345837243696607e-04 4.419043944975409332e-04 4.969890051022590911e-04 5.682310038118597783e-04 7.767153240977376673e-04 1.333805195097870992e-03 1.609535142860576929e-03 1.579442122071558069e-03 1.597203840704664686e-03 1.711329195497179358e-03 1.653923039395634826e-03 1.718813298850453740e-03 1.954539026793507880e-03 9.991298428320483701e-04 6.064173276070207669e-04 4.843074527066266988e-04 4.107315667609709540e-04 3.639262413871412714e-04 2.935132134431309202e-04 1.762934870516986963e-04 8.264535431059367391e-05 5.215960837551683398e-05
-1.823149053461624191e-06 -1.709530185001809493e-06 -1.645472416399811468e-06 -1.636992610829187910e-06 -1.683342208125000305e-06 -1.760136732807026034e-06 -1.766087754604163997e-06 -1.385365875919416666e-06 2.273932378392565762e-06 8.681369346782860869e-05 2.137703480549527329e-04 2.699764300182224243e-04 3.005605689262855944e-04 3.191287968794790817e-04 3.547938572108167636e-04 3.573661178028925698e-04 3.700901010367541608e-04 4.072888493260485719e-04 4.571638465567034407e-04 5.791478491788121371e-04 1.205260909342882342e-03 1.609535142860576929e-03 1.579442122071558069e-03 1.604055949064732249e-03 1.839677714624340238e-03 1.781750284777312539e-03 1.833651359988460860e-03 1.954539026793507880e-03 1.763120100190101623e-03 9.373752053509430129e-04 5.323704710656016739e-04 5.456352794784815252e-04 5.535613540023856137e-04 4.596219078154946619e-04 2.901375551801286395e-04 1.895753043713874555e-04 1.553792525267455311e-04
-1.970820425038750190e-06 -1.867204783675540516e-06 -1.829114724880405869e-06 -1.877049820439672646e-06 -2.043213629192973136e-06 -2.375982108186504474e-06 -2.901010486809115489e-06 -3.248334074104690763e-06 -9.566306536276962189e-06 3.913491455927961435e-05 1.150710263125081449e-04 1.713160769874439782e-04 2.301547412831236893e-04 2.426164372027390687e-04 2.472562905451839463e-04 2.712015923085608622e-04 2.853892565790484685e-04 3.256466960420044887e-04 4.565691973917254546e-04 5.291706868892666338e-04 1.205260909342882342e-03 1.488243572265544401e-03 1.524915069113602813e-03 1.604055949064732249e-03 1.839677714624340238e-03 1.994151519981573854e-03 1.993455957330682489e-03 1.928804490151113165e-03 1.788909825522777726e-03 1.573183700499109590e-03 7.834105511766151003e-04 7.135718679428718460e-04 7.290244096362802914e-04 6.080531270748542206e-04 3.714130800921825772e-04 3.023569144547982781e-04 2.521697175926500192e-04
-2.067350130663973922e-06 -1.959353799780983061e-06 -1.919580674508382608e-06 -1.955251187957102556e-06 -2.104261990096761963e-06 -2.372169837199544534e-06 -2.625694688478562512e-06 -1.895395472249729008e-06 5.410835755229192012e-06 -7.732699606684236753e-06 -2.505738123822729782e-06 8.878586723593506725e-05 1.803946571044579852e-04 1.922022376966935596e-04 1.859717310640365091e-04 2.081445089659708550e-04 2.513792948500406300e-04 3.256466960420044887e-04 4.565691973917254546e-04 5.319434518869045224e-04 9.570122202154480139e-04 1.215811040589998612e-03 1.423228154039626447e-03 1.639722768648904649e-03 1.982231296838912055e-03 2.255700090345134391e-03 2.220021942258692919e-03 2.037319692514345890e-03 1.875105400458423974e-03 1.643545100600099593e-03 1.138592721485693791e-03 1.057687569332048383e-03 9.794143173287262957e-04 7.091849099743094105e-04 5.349624801694900442e-04 3.995654896573889092e-04 2.949440806394062857e-04
-2.086896029250987060e-06 -1.919032091724346380e-06 -1.820211225292000753e-06 -1.798283770367362422e-06 -1.853146555209842981e-06 -1.959155086286171924e-06 -2.021575434123874632e-06 -1.838443673609936540e-06 5.410835755229192012e-06 -7.756557850611744747e-06 -6.342870532661725977e-06 -3.569416700186770860e-06 8.144366713434212637e-05 1.224209950014516573e-04 1.272895374975738952e-04 1.345785937066798998e-04 1.941764888579777587e-04 2.997948034841069220e-04 4.426502442233216320e-04 5.319434518869045224e-04 7.751060150675946484e-04 1.107901992019268925e-03 1.521241615335312001e-03 1.859745917353814977e-03 2.219949520983408899e-03 2.516422058482494818e-03 2.443364324566467839e-03 2.286898193961089260e-03 2.122696639191446605e-03 1.922672760505007112e-03 1.298589141321980760e-03 1.145188451624312709e-03 9.794143173287262957e-04 7.091849099743094105e-04 5.847665621706739630e-04 4.680302135756567563e-04 3.629966270426154547e-04
