outputs/five_years_topographic__elevation.asc
ncols 259
nrows 149
xllcorner 0.0
yllcorner 0.0
cellsize 1.15722698403
[rows 48 to 63 of 149, columns 222 to 258 of 259]
-2.070269290241412818e+00 -2.083596888813190162e+00 -1.939128581318072975e+00 -1.745166007312946022e+00 -1.506520096096210182e+00 -1.608554545673541725e+00 -1.557900491985492408e+00 -1.671825472149066627e+00 -1.449123326572589576e+00 -1.151108924183063209e+00 -1.398067418369464576e+00 -1.909139696392230690e+00 -2.052916947635821998e+00 -1.967029634746722877e+00 -1.657217804226092994e+00 -1.413225237163715065e+00 -1.526487056049518287e+00 -1.879929605755023658e+00 -1.848142091068439186e+00 -1.941326919826678932e+00 -2.130617562565021217e+00 -2.041760388645343482e+00 -2.011897269519977272e+00 -2.017511311802081764e+00 -2.049355927738361061e+00 -1.953770518302917480e+00 -1.676775455474853516e+00 -1.541047096252441406e+00 -1.620600104331970215e+00 -1.702274799346923828e+00 -1.694900393486022949e+00 -1.702361106872558594e+00 -1.702836751937866211e+00 -1.578436374664306641e+00 -1.480128288269042969e+00 -1.384491205215454102e+00 -1.176588535308837891e+00
-1.929319564136676490e+00 -1.871871415409259498e+00 -1.622777644428424537e+00 -1.433866325649432838e+00 -1.451536957058124244e+00 -1.744507375988177955e+00 -1.782756391796283424e+00 -1.595105830463580787e+00 -1.135615412029437721e+00 -1.058901969227008522e+00 -1.531754080089740455e+00 -1.865146700176410377e+00 -1.986496154102496803e+00 -1.889645878109149635e+00 -1.528461281093768775e+00 -1.275073829921893775e+00 -1.503307644161395729e+00 -1.934708181652240455e+00 -1.806814256939105690e+00 -1.935644093784503639e+00 -2.348209086689166725e+00 -2.285232011112384498e+00 -2.156227055820636451e+00 -2.081561747821979225e+00 -2.084535781177692115e+00 -1.976025048526935279e+00 -1.712142530712299049e+00 -1.680189672741107643e+00 -1.718165222438983619e+00 -1.694682065281085670e+00 -1.705717921257019043e+00 -1.680111646652221680e+00 -1.687404513359069824e+00 -1.553166747093200684e+00 -1.544281721115112305e+00 -1.454364299774169922e+00 -1.262582182884216309e+00
-1.432177845272235572e+00 -1.326001945766620338e+00 -1.100836340221576393e+00 -1.041361991199664772e+00 -1.436592761310748756e+00 -1.868481937679462135e+00 -1.869925204548053443e+00 -1.458946172031573951e+00 -1.049494806560687721e+00 -1.203203979763202369e+00 -1.740454856189899147e+00 -1.920773807796649635e+00 -1.891947332653217018e+00 -1.806891146930865943e+00 -1.551423374447040260e+00 -1.414569917949847877e+00 -1.663625780376605690e+00 -2.004196587833575904e+00 -2.076936188968829811e+00 -2.094594661029987037e+00 -2.354628745350055397e+00 -2.288552943500690162e+00 -2.201028052601031959e+00 -2.046650592121295631e+00 -1.927933756145648658e+00 -1.812322441372089088e+00 -1.708557430538348854e+00 -1.733268920215778053e+00 -1.659920636448077857e+00 -1.545552316936664283e+00 -1.616922084125690162e+00 -1.595425367355346680e+00 -1.625943303108215332e+00 -1.494867682456970215e+00 -1.474410533905029297e+00 -1.457459330558776855e+00 -1.366312503814697266e+00
-8.905212915269657969e-01 -7.807144558755680919e-01 -7.498908675042912364e-01 -8.506834543077275157e-01 -1.306621972355060279e+00 -1.837329450878314674e+00 -1.858617011341266334e+00 -1.339803639682941139e+00 -1.120187226566486061e+00 -1.384053293499164283e+00 -1.861930791172198951e+00 -1.916787687572650611e+00 -1.573759380611591041e+00 -1.438488546642474830e+00 -1.310317341121844947e+00 -1.365392986568622291e+00 -1.613362137111835182e+00 -1.952052298816852272e+00 -2.241407099994830787e+00 -2.121566716465167701e+00 -2.178591910633258522e+00 -2.130181971821002662e+00 -2.029931966098956764e+00 -1.822956386837176979e+00 -1.661308590206317604e+00 -1.557420793804340065e+00 -1.501014415058307350e+00 -1.556597534450702369e+00 -1.462521735462360084e+00 -1.345017257961444557e+00 -1.433281842502765357e+00 -1.531148076057434082e+00 -1.530290365219116211e+00 -1.410380601882934570e+00 -1.361653804779052734e+00 -1.468834042549133301e+00 -1.432772755622863770e+00
-8.482135570375248790e-01 -7.422035968629643321e-01 -7.098087704507634044e-01 -8.085364139406010509e-01 -1.160707775386981666e+00 -1.780503336223773658e+00 -1.816612902912311256e+00 -1.328284088405780494e+00 -1.135208431514911354e+00 -1.392087045940570533e+00 -1.847447100910358131e+00 -1.691311422619037330e+00 -1.079500738414935768e+00 -1.007684651645831764e+00 -9.740332997171208262e-01 -1.200251046451739967e+00 -1.549344841274432838e+00 -1.976231042179279029e+00 -2.220224801334552467e+00 -2.005900565418414772e+00 -1.805685344967059791e+00 -1.767274204525165260e+00 -1.706380192073993385e+00 -1.525453749927692115e+00 -1.378425422939471900e+00 -1.372785750660113990e+00 -1.315707508358173072e+00 -1.307981435093097389e+00 -1.265282932552509010e+00 -1.253279153141193092e+00 -1.416090313228778541e+00 -1.524377647670917213e+00 -1.445346117019653320e+00 -1.413313269615173340e+00 -1.394394874572753906e+00 -1.505504131317138672e+00 -1.492841005325317383e+00
-1.413957182201556861e+00 -1.197970691951923072e+00 -8.923043644754216075e-01 -7.951634562341496348e-01 -1.142503563198260963e+00 -1.654844943317584693e+00 -1.661496821674518287e+00 -1.306569401058368385e+00 -1.016200963291339576e+00 -1.279085103305988014e+00 -1.756275955471210182e+00 -1.526982728275470436e+00 -9.277977979509159923e-01 -9.754209554521366954e-01 -1.133520904812030494e+00 -1.384877148899249732e+00 -1.756998840603046119e+00 -2.171773672103881836e+00 -2.336375713348388672e+00 -1.931716743740253150e+00 -1.525151077541522682e+00 -1.465285722049884498e+00 -1.486183229717426002e+00 -1.244204226764850318e+00 -1.125748459133319557e+00 -1.279444876941852272e+00 -1.315275613102130592e+00 -1.251445833477191627e+00 -1.283658925327472389e+00 -1.382133904728107154e+00 -1.586032573017291725e+00 -1.561519209179095924e+00 -1.440626025199890137e+00 -1.472457170486450195e+00 -1.470083236694335938e+00 -1.525593400001525879e+00 -1.498274326324462891e+00
-1.920761052402667701e+00 -1.682450596126727760e+00 -1.205062571796588600e+00 -1.025773588451556861e+00 -1.347085658344440162e+00 -1.458285871776752174e+00 -1.345296803745441139e+00 -1.054315272602252662e+00 -8.829064405290409923e-01 -1.136098328861407936e+00 -1.552226368221454322e+00 -1.606983009609393775e+00 -1.191818181308917701e+00 -1.317872468265704811e+00 -1.682415548595599830e+00 -1.955680075916461647e+00 -2.208351079258136451e+00 -2.383374929428100586e+00 -2.423222064971923828e+00 -1.967601481708697975e+00 -1.515834633144550025e+00 -1.411951247486285865e+00 -1.349590245517902076e+00 -1.024540964397601783e+00 -1.035666052135638893e+00 -1.304126445087604225e+00 -1.421686235698871315e+00 -1.354695740970782936e+00 -1.332664433750323951e+00 -1.462492648395709693e+00 -1.673921171459369361e+00 -1.734108392032794654e+00 -1.569957081112079322e+00 -1.526928544044494629e+00 -1.479610323905944824e+00 -1.511985063552856445e+00 -1.472250580787658691e+00
-2.131318036350421607e+00 -1.856845322879962623e+00 -1.556740824016742408e+00 -1.574672523769550025e+00 -1.606701437267474830e+00 -1.291051689418964088e+00 -9.396060145227238536e-01 -7.514677083818241954e-01 -7.907266056863591075e-01 -1.033916298183612525e+00 -1.494271937641315162e+00 -1.801668230327777565e+00 -1.531484190258197486e+00 -1.660222593578509986e+00 -2.114632550510577857e+00 -2.426859561237506568e+00 -2.552331209182739258e+00 -2.582883834838867188e+00 -2.457139968872070312e+00 -2.081368867191486061e+00 -1.621175590786151588e+00 -1.358988348278217018e+00 -1.165581051143817604e+00 -1.036632839473895729e+00 -1.205868545803241432e+00 -1.475770179065875709e+00 -1.683807436260394752e+00 -1.638807359966449440e+00 -1.455832783016376197e+00 -1.462669197353534400e+00 -1.761618081363849342e+00 -1.972293440136127174e+00 -1.834843341144733131e+00 -1.739989876747131348e+00 -1.628279685974121094e+00 -1.508263945579528809e+00 -1.413426756858825684e+00
-2.260724965366534889e+00 -2.002967540058307350e+00 -1.929622474941425025e+00 -2.012641612323932350e+00 -1.667518440517596900e+00 -1.139452163013629615e+00 -7.759616411058232188e-01 -8.379029667703434825e-01 -1.030426565441302955e+00 -1.276348654064349830e+00 -1.731680814060382545e+00 -1.961780492099933326e+00 -1.793524090084247291e+00 -1.831523243221454322e+00 -2.202157679828815162e+00 -2.505599919590167701e+00 -2.637223958969116211e+00 -2.657200336456298828e+00 -2.604519844055175781e+00 -2.190244913101196289e+00 -1.804772440227679908e+00 -1.560603562626056373e+00 -1.359638158115558326e+00 -1.313846412929706275e+00 -1.499251071247272193e+00 -1.769313160213641822e+00 -1.879520479473285377e+00 -1.804840389522723854e+00 -1.586978498729877174e+00 -1.510390821727924049e+00 -1.792416754993610084e+00 -2.038128558429889381e+00 -2.025806132587604225e+00 -1.868637204170227051e+00 -1.755311608314514160e+00 -1.505590081214904785e+00 -1.382358074188232422e+00
-2.107036057743243873e+00 -2.064882699283771217e+00 -2.198627415928058326e+00 -2.143007460865192115e+00 -1.666703168186359107e+00 -1.269772473606280982e+00 -1.179195109638385475e+00 -1.292145792278461158e+00 -1.513735357555560768e+00 -1.780433479580096900e+00 -2.049702349933795631e+00 -2.118815842899493873e+00 -2.014435950550250709e+00 -1.963699880870990455e+00 -2.179743710788898170e+00 -2.493459407123737037e+00 -2.683866977691650391e+00 -2.734123945236206055e+00 -2.739226579666137695e+00 -2.279955387115478516e+00 -2.082652035984210670e+00 -2.012166682514362037e+00 -1.869319382938556373e+00 -1.762868825229816139e+00 -1.833763066562823951e+00 -1.971951309475116432e+00 -1.870107833179645240e+00 -1.727790657314471900e+00 -1.629715029033832252e+00 -1.613343898090533912e+00 -1.777957860263995826e+00 -2.077372256550006568e+00 -2.118617001804523170e+00 -1.890260934829711914e+00 -1.729408860206604004e+00 -1.515128612518310547e+00 -1.476299881935119629e+00
-1.540900293621234596e+00 -1.798337522777728736e+00 -2.211187783512286842e+00 -2.241897583007812500e+00 -1.918626189231872559e+00 -1.722826424869708717e+00 -1.812151614460162818e+00 -1.850873652729205787e+00 -2.017135564121417701e+00 -2.203757945331744850e+00 -2.248293343815021217e+00 -2.277326527866534889e+00 -2.135061208042316139e+00 -2.145826760563068092e+00 -2.285138551029376686e+00 -2.507205724716186523e+00 -2.607428312301635742e+00 -2.751234769821166992e+00 -2.726579666137695312e+00 -2.431508064270019531e+00 -2.397524595260620117e+00 -2.345550719532184303e+00 -2.211226407322101295e+00 -2.104066077503375709e+00 -2.064850989612750709e+00 -2.047349158558063209e+00 -1.917722288402728736e+00 -1.847844783100299537e+00 -1.828621331485919654e+00 -1.882815066608600318e+00 -1.971370283397845924e+00 -2.178718272480182350e+00 -2.112785760196857154e+00 -1.980910181999206543e+00 -1.782721757888793945e+00 -1.611265897750854492e+00 -1.574256062507629395e+00
-1.150843325885944068e+00 -1.493987861904315650e+00 -2.104411069187335670e+00 -2.352490425109863281e+00 -2.298929929733276367e+00 -1.994356870651245117e+00 -2.272785846027545631e+00 -2.350530568393878639e+00 -2.425268832477740943e+00 -2.474488973617553711e+00 -2.412911415100097656e+00 -2.386634826660156250e+00 -2.218932867050170898e+00 -2.359400033950805664e+00 -2.427140951156616211e+00 -2.550598382949829102e+00 -2.417323350906372070e+00 -2.652449131011962891e+00 -2.699942350387573242e+00 -2.635242938995361328e+00 -2.536276578903198242e+00 -2.487142801284790039e+00 -2.396150112152099609e+00 -2.257734481128863990e+00 -2.228968802723102272e+00 -2.212488833698444068e+00 -2.175091687473468482e+00 -2.183308783802203834e+00 -2.067122880253009498e+00 -2.163515750202350318e+00 -2.247043792041949928e+00 -2.271634045871905982e+00 -2.132779542240314186e+00 -1.988240957260131836e+00 -1.812169790267944336e+00 -1.771219730377197266e+00 -1.749148607254028320e+00
-1.284853640827350318e+00 -1.568771663936786354e+00 -2.102313462528400123e+00 -2.482060670852661133e+00 -2.620656251907348633e+00 -2.467081546783447266e+00 -2.567706823348999023e+00 -2.634125947952270508e+00 -2.703029394149780273e+00 -2.618075847625732422e+00 -2.475293636322021484e+00 -2.487507581710815430e+00 -2.345845222473144531e+00 -2.344921588897705078e+00 -2.318468570709228516e+00 -2.629521369934082031e+00 -2.611700773239135742e+00 -2.690528154373168945e+00 -2.701555728912353516e+00 -2.766919612884521484e+00 -2.497169017791748047e+00 -2.564254999160766602e+00 -2.504931688308715820e+00 -2.353957891464233398e+00 -2.462433099746704102e+00 -2.387134790420532227e+00 -2.380604028701782227e+00 -2.418666124343872070e+00 -2.255518674850463867e+00 -2.334268808364868164e+00 -2.380667924880981445e+00 -2.345057249069213867e+00 -2.238308429718017578e+00 -1.976376295089721680e+00 -1.828692197799682617e+00 -1.878399252891540527e+00 -1.931027412414550781e+00
-1.727840367588214576e+00 -2.052472296985797584e+00 -2.374438945087604225e+00 -2.754566907882690430e+00 -2.889687299728393555e+00 -2.930944442749023438e+00 -2.762930154800415039e+00 -2.842200040817260742e+00 -2.854328393936157227e+00 -2.678195238113403320e+00 -2.467485427856445312e+00 -2.513249874114990234e+00 -2.412536621093750000e+00 -2.267454385757446289e+00 -2.216926574707031250e+00 -2.611545324325561523e+00 -2.858575820922851562e+00 -2.776944160461425781e+00 -2.724981546401977539e+00 -2.755640506744384766e+00 -2.536633253097534180e+00 -2.548930406570434570e+00 -2.564060926437377930e+00 -2.526554822921752930e+00 -2.550467014312744141e+00 -2.458911418914794922e+00 -2.474420309066772461e+00 -2.481819391250610352e+00 -2.398012399673461914e+00 -2.421928405761718750e+00 -2.432464838027954102e+00 -2.391151428222656250e+00 -2.274035453796386719e+00 -2.104118824005126953e+00 -1.957890748977661133e+00 -1.929873585700988770e+00 -1.930714130401611328e+00
-2.183209363254718482e+00 -2.478980779647827148e+00 -2.677660942077636719e+00 -2.975855827331542969e+00 -3.012582302093505859e+00 -3.005899906158447266e+00 -2.970349311828613281e+00 -2.952351570129394531e+00 -2.905786991119384766e+00 -2.852976322174072266e+00 -2.597687244415283203e+00 -2.590493917465209961e+00 -2.398796319961547852e+00 -2.383367538452148438e+00 -2.431989669799804688e+00 -2.495040893554687500e+00 -2.789835691452026367e+00 -2.740326881408691406e+00 -2.671356439590454102e+00 -2.588926553726196289e+00 -2.592711210250854492e+00 -2.483074665069580078e+00 -2.608004808425903320e+00 -2.637915611267089844e+00 -2.544848680496215820e+00 -2.607802629470825195e+00 -2.569488525390625000e+00 -2.511215925216674805e+00 -2.474601745605468750e+00 -2.525557994842529297e+00 -2.471265316009521484e+00 -2.395986795425415039e+00 -2.231570720672607422e+00 -2.274981260299682617e+00 -2.086867332458496094e+00 -2.002841711044311523e+00 -1.993680715560913086e+00
-2.249786853790283203e+00 -2.507838726043701172e+00 -2.675682783126831055e+00 -2.924699544906616211e+00 -2.864495277404785156e+00 -2.925344705581665039e+00 -3.072288274765014648e+00 -2.979755163192749023e+00 -2.918830871582031250e+00 -2.954622030258178711e+00 -2.746018171310424805e+00 -2.781843423843383789e+00 -2.538857460021972656e+00 -2.619688272476196289e+00 -2.758840799331665039e+00 -2.548119544982910156e+00 -2.783979654312133789e+00 -2.765805482864379883e+00 -2.586637258529663086e+00 -2.584458827972412109e+00 -2.637374162673950195e+00 -2.680781364440917969e+00 -2.706228733062744141e+00 -2.673165559768676758e+00 -2.647263288497924805e+00 -2.697989940643310547e+00 -2.661537170410156250e+00 -2.610732555389404297e+00 -2.567744970321655273e+00 -2.598839998245239258e+00 -2.447659015655517578e+00 -2.475139379501342773e+00 -2.350466728210449219e+00 -2.339315652847290039e+00 -2.187775611877441406e+00 -2.119140386581420898e+00 -2.113492727279663086e+00
