outputs/five_years_flood_vel.asc
ncols 259
nrows 149
xllcorner 0.0
yllcorner 0.0
cellsize 1.15722698403
[rows 51 to 67 of 149, columns 0 to 36 of 259]
4.531032092422185298e-03 4.580527467930754944e-03 4.915278579655670173e-03 5.382810252686263432e-03 5.382810252686263432e-03 4.901730968871208065e-03 4.562148285344560725e-03 3.417763056440844497e-03 2.707144432231804905e-03 2.620268852801591313e-03 2.665222008845902820e-03 2.665222008845902820e-03 2.717909408765636480e-03 2.717909408765636480e-03 2.461368760589068960e-03 2.253529493293503043e-03 2.300346778949818698e-03 2.300346778949818698e-03 2.266347280180564232e-03 2.061195013672606491e-03 1.874591906168119161e-03 1.785583568071453684e-03 2.334822144306801170e-03 2.334822144306801170e-03 2.053079492030155089e-03 1.668493131470259001e-03 1.587933526466621306e-03 7.337435748390398922e-04 5.070669500283058340e-04 5.166569975154039311e-04 5.166569975154039311e-04 4.233134523448716063e-04 5.399530029977897593e-04 6.026805780071580560e-04 6.379812985899807869e-04 6.379812985899807869e-04 6.283608241397177410e-04
5.962129209148593449e-03 5.962129209148593449e-03 5.690847566833608442e-03 5.690847566833608442e-03 5.479666664445308026e-03 4.602685181011354799e-03 4.058781611658488636e-03 2.871244506497056329e-03 2.261526084504326094e-03 2.610559025827344313e-03 2.816742399751163278e-03 2.970390936571836414e-03 3.291602682079510737e-03 3.291602682079510737e-03 2.953305711048790413e-03 2.468991285573814403e-03 2.355326093048142576e-03 2.287371474036823098e-03 2.222582848037918824e-03 1.973753893437351845e-03 1.647101921074694371e-03 1.513187544936146593e-03 1.717361271081271077e-03 2.295510432071714516e-03 2.295510432071714516e-03 1.696832863183774572e-03 1.374881811549059831e-03 8.099739454916339522e-04 5.412333263425455569e-04 5.250390100008728907e-04 5.250390100008728907e-04 4.173715466569168759e-04 5.829112440728933826e-04 5.829112440728933826e-04 6.206643330911763238e-04 6.206643330911763238e-04 5.860982810393160171e-04
7.069839323259130039e-03 7.069839323259130039e-03 7.273482269681652394e-03 7.273482269681652394e-03 6.818867226230628138e-03 6.004153106880033390e-03 6.126930677237200397e-03 6.126930677237200397e-03 5.530888346389638624e-03 3.620831202360298793e-03 3.121494969627218626e-03 3.121494969627218626e-03 3.087289765515205484e-03 3.027622131842229187e-03 2.750742264263634010e-03 2.362864961501591130e-03 2.379050770929278056e-03 2.547180451937496991e-03 2.547180451937496991e-03 2.440665691184054718e-03 2.015346548702160422e-03 1.513098444696686640e-03 1.398523613875489544e-03 1.267808594599460856e-03 1.565789342124374994e-03 1.565789342124374994e-03 1.301912914621608606e-03 8.867450100773000866e-04 6.086138373428831095e-04 4.901151523704758888e-04 4.901151523704758888e-04 3.769033123078691745e-04 2.843106113892880128e-04 5.162586174446159599e-04 6.646827546384241137e-04 6.646827546384241137e-04 5.399450450822532600e-04
7.721761052816731620e-03 7.798122827757479961e-03 8.222724809875648147e-03 8.222724809875648147e-03 7.768796553608474723e-03 7.270417269472906167e-03 7.270417269472906167e-03 7.058960513427896960e-03 6.696522434588536923e-03 6.334783352978125108e-03 4.194011057753527748e-03 3.187523189697373961e-03 3.063047235634656050e-03 2.933280902458110326e-03 2.625698412619397078e-03 2.725093775061234423e-03 2.754546511458258202e-03 3.006579061304585649e-03 3.006579061304585649e-03 2.851176336440029453e-03 2.449170606446830767e-03 1.767134075472940680e-03 1.544338153512629175e-03 1.208593888605158850e-03 1.239884297139146095e-03 1.239884297139146095e-03 1.234495854288764679e-03 1.099444307543618595e-03 7.308204647895705187e-04 6.831285672357362152e-04 5.106291303887581330e-04 3.622378075544777781e-04 2.682802014150989815e-04 1.917297398606324153e-04 2.573316419298747279e-04 4.989069958008654016e-04 4.989069958008654016e-04
8.804826462474629745e-03 8.808307839072070100e-03 8.825793249158168235e-03 8.825793249158168235e-03 8.374821069416202995e-03 7.988038920062357287e-03 7.988038920062357287e-03 7.663266667109438178e-03 7.351091617643777838e-03 7.030169034304750188e-03 6.880455281787819372e-03 4.364275612921848617e-03 2.940144224991839833e-03 2.770589219030326813e-03 2.556545524788610916e-03 2.982794848383556099e-03 3.056760151299822877e-03 3.389369655480361111e-03 3.389369655480361111e-03 3.087051370783820258e-03 2.608725191628956733e-03 1.875049918901252341e-03 1.711114507887044394e-03 1.222242603738440004e-03 1.020378535440378620e-03 1.179480414229840861e-03 1.205231003133641968e-03 1.205231003133641968e-03 7.307373745744897729e-04 6.810566779483478300e-04 6.810566779483478300e-04 4.192485221042432431e-04 2.901985826105861065e-04 2.176982162494831116e-04 1.821029039716939261e-04 1.293541311793851799e-04 2.280858359621308401e-04
9.329251114574339809e-03 9.426806941842377774e-03 9.426806941842377774e-03 9.341634244980568519e-03 9.172106927146487371e-03 9.150863181413981459e-03 9.150863181413981459e-03 8.746712147178248992e-03 8.312879514853956792e-03 7.789787514111011849e-03 7.477517601668107194e-03 7.385247618389113519e-03 6.284687076564577334e-03 3.823015567456687462e-03 2.633873131618530861e-03 2.959829875067635733e-03 3.290289568403675750e-03 3.760178591962949450e-03 3.760178591962949450e-03 3.215250189503709825e-03 2.457321493667770015e-03 1.768446202400698539e-03 1.766144647509378237e-03 1.532560108679378082e-03 1.203491862324331191e-03 1.449567262384548246e-03 1.960759154075353457e-03 1.960759154075353457e-03 1.512060552966752866e-03 1.054383725293721666e-03 1.054383725293721666e-03 7.200122819596068303e-04 4.754034645638276755e-04 3.096921115637078998e-04 2.219404628055566609e-04 1.386609937572266316e-04 9.581043831872490893e-05
9.928421444479073113e-03 1.015106521566162302e-02 1.015106521566162302e-02 1.002502294938895262e-02 9.759456793295578220e-03 9.925675400179696795e-03 9.925675400179696795e-03 9.871609795085120945e-03 9.847967100231011864e-03 8.862243830063863681e-03 8.280234383645767096e-03 7.365162741253856657e-03 6.695444011932209609e-03 5.898150031483865435e-03 3.383229322976208462e-03 3.131068603415082096e-03 3.570867023646724474e-03 4.575408682456521409e-03 4.653481737540755142e-03 4.653481737540755142e-03 2.993503136058225239e-03 2.144834474930443474e-03 2.144834474930443474e-03 2.023944392812800693e-03 1.657141872687713105e-03 1.574323502866463182e-03 1.615215221242499504e-03 1.615215221242499504e-03 1.463579248087200314e-03 1.229629794138965403e-03 9.513762797299399289e-04 7.858534905662033134e-04 7.456028069312860534e-04 5.303174567130059403e-04 3.430180435234228770e-04 2.149690563602082701e-04 1.749422150921426170e-04
9.886733090944005778e-03 1.009879724327212083e-02 1.016526302610855186e-02 1.016526302610855186e-02 9.903545719404379527e-03 1.003116646346106748e-02 1.049068917405498493e-02 1.049068917405498493e-02 9.963535867284234807e-03 9.513390297109637281e-03 9.042077404207093938e-03 8.048364579962016471e-03 7.944906435973743061e-03 6.455801676766252141e-03 5.084117246591562250e-03 2.874287740849596623e-03 2.353647786975493397e-03 2.560924423861877033e-03 3.221557322559051410e-03 3.366139411166892831e-03 3.366139411166892831e-03 3.180490037821799738e-03 2.520540093988605027e-03 2.346279607207058231e-03 2.031261999332718057e-03 1.880419129518912449e-03 1.721263117452993948e-03 1.693691948510253837e-03 2.017881964097378335e-03 2.017881964097378335e-03 1.726031015125094152e-03 9.905202699444649438e-04 7.042084565940547785e-04 5.438575956083795864e-04 4.092229979885672131e-04 3.031184372693595088e-04 2.782741805924244909e-04
6.944932411341499072e-03 7.216285297800426046e-03 7.658896814786524815e-03 8.172424391986517211e-03 9.236299631217165240e-03 1.015862104614842151e-02 1.121741798558240945e-02 1.121741798558240945e-02 1.045217602573236121e-02 1.045217602573236121e-02 8.953511577103053648e-03 8.214974878261420074e-03 7.455579602263785223e-03 6.590114203592423517e-03 4.956806902629371653e-03 3.649083432211369139e-03 2.502083393415185843e-03 1.887209744317082079e-03 1.760469511244036438e-03 2.167696156085246930e-03 2.705069912706055315e-03 2.705069912706055315e-03 2.392683978245872811e-03 2.355567462032749117e-03 2.180592105623487681e-03 1.977692479634409091e-03 2.026624712478403405e-03 2.026624712478403405e-03 1.867168106079177990e-03 1.780663977958688894e-03 1.756826506277993881e-03 1.756826506277993881e-03 1.594597776239006781e-03 1.358278495824703867e-03 1.130089886498198770e-03 6.520629056332899508e-04 5.211147810100695901e-04
1.409069185942247700e-03 1.477561305401411474e-03 1.588062825122795287e-03 1.949248041861492134e-03 3.253006912359124141e-03 5.310622994933282548e-03 8.229631035253603261e-03 8.847758526205257157e-03 9.412701739883505905e-03 9.412701739883505905e-03 8.171654306632497589e-03 7.482519917089441690e-03 6.454515670725838664e-03 5.498791385920440838e-03 4.116601044124833242e-03 5.723237913822167185e-03 5.723237913822167185e-03 5.606615980787653906e-03 5.146335705451225359e-03 4.769521697200563431e-03 3.525814940315780480e-03 3.525814940315780480e-03 2.581177231700199862e-03 2.507335060566895542e-03 2.157941625576459150e-03 1.947588362955262080e-03 1.947588362955262080e-03 1.898434364153456363e-03 1.797986299714049484e-03 1.770720734553538588e-03 1.736035896898898605e-03 1.735207759423800867e-03 1.557291327421617090e-03 1.415167561532635655e-03 1.315221627586216600e-03 1.313902558991186711e-03 9.881441053620813007e-04
1.595095840345556420e-05 1.720961233968753868e-05 1.783776551130470788e-05 1.783776551130470788e-05 2.019581662469150583e-05 3.925532671867064285e-04 2.247579919228730877e-03 5.455528501764529518e-03 6.788659931699659103e-03 6.788659931699659103e-03 6.645729334961756642e-03 6.383228526295740834e-03 5.777486846604735181e-03 4.932688899343999622e-03 4.117126634828351811e-03 6.084762984573574215e-03 6.084762984573574215e-03 5.762892951790296245e-03 5.197083405534339527e-03 4.645161125860015200e-03 3.491611609303184229e-03 3.029306394939786876e-03 2.906214366928826145e-03 2.626343452297753671e-03 2.091445506827233763e-03 2.028957280556707276e-03 2.011264807228306788e-03 1.768528549905660184e-03 1.616678264983629956e-03 1.616678264983629956e-03 1.602064651703032300e-03 1.598377603138262859e-03 1.410073426439210952e-03 1.331645452386474643e-03 1.358692570404630966e-03 1.602445676478999855e-03 1.602445676478999855e-03
1.850679337214696920e-05 1.893509838422823159e-05 1.924431996990156455e-05 1.931441531304664363e-05 1.956428279690979882e-05 1.956428279690979882e-05 1.833375719197542615e-05 2.127746703014087287e-03 4.670145616373796299e-03 5.777729449682060363e-03 6.048591508920501091e-03 6.048591508920501091e-03 5.733483538129129954e-03 4.914383150250815728e-03 4.867073912964971390e-03 5.823372366616218557e-03 5.823372366616218557e-03 5.418994746603061387e-03 4.945664390058415912e-03 4.438923252661498495e-03 3.731006501066753446e-03 3.151388777595211070e-03 3.151388777595211070e-03 2.591084938294027119e-03 2.183179850041276019e-03 2.183179850041276019e-03 2.149633350643772884e-03 1.802749816172546839e-03 1.577025323290151722e-03 1.489033532153965275e-03 1.406773519678122201e-03 1.299033963615631735e-03 1.219047372976689476e-03 1.219047372976689476e-03 1.153837468515912052e-03 1.138357436462651825e-03 1.093595721621773995e-03
2.063432332875713213e-05 2.077966785517689461e-05 2.089000067102665475e-05 2.089000067102665475e-05 2.087171106996056313e-05 2.074364963681866154e-05 2.139970721032889269e-05 3.013598663135153488e-04 2.166795368872586561e-03 4.658133444443116923e-03 5.772986191685793890e-03 6.257573675157669137e-03 6.257573675157669137e-03 5.992587914725883320e-03 5.154704243276418511e-03 5.398187892490433591e-03 5.398187892490433591e-03 4.936965176874783673e-03 4.544980317800088009e-03 4.111864753620593678e-03 3.620961027789264611e-03 3.113373456511094994e-03 3.113373456511094994e-03 2.291575284695724149e-03 2.245334036110319901e-03 2.183415386208245688e-03 2.055151611112237490e-03 1.815307491140983514e-03 1.762812039992824259e-03 1.762812039992824259e-03 1.528955419725866937e-03 1.266032807367345556e-03 1.231929263440414112e-03 1.231929263440414112e-03 1.105791852933708536e-03 1.059990559958351626e-03 9.682478323832992111e-04
2.261650875894752579e-05 2.265924903669558371e-05 2.266430378906758315e-05 2.266430378906758315e-05 2.253877865895035019e-05 2.217024041594947364e-05 2.132685059758873802e-05 1.961576736172253939e-05 1.823748012410407048e-04 1.948512765534822500e-03 4.529289296476268593e-03 7.001230676801347384e-03 7.663455419562890079e-03 7.663455419562890079e-03 6.150557860743016865e-03 4.856567322352911727e-03 4.531775758607812891e-03 4.133123512378114595e-03 3.956584754828208587e-03 3.617627739113356885e-03 3.303580982371537821e-03 3.000792612969673673e-03 2.719047833361530435e-03 2.238241968776529239e-03 2.238241968776529239e-03 1.924778884888005788e-03 1.732506609811163998e-03 1.652686876372948168e-03 1.641870159326332644e-03 1.641870159326332644e-03 1.593012887877686724e-03 1.328662169769776564e-03 1.439841937462681782e-03 1.439841937462681782e-03 1.359304708972242223e-03 1.289605467445723496e-03 1.115389545305529731e-03
2.455595391138987171e-05 2.457651574359032788e-05 2.457651574359032788e-05 2.456918678959772362e-05 2.444885936082381471e-05 2.407168277044019564e-05 2.315303034822827077e-05 2.109416978938725328e-05 1.647130806651330746e-05 2.884520579703596008e-04 2.237271392538361069e-03 3.372287377821709536e-03 5.077745718509853005e-03 5.077745718509853005e-03 4.910842031457855750e-03 3.726222306717400130e-03 3.225212051082573805e-03 3.225212051082573805e-03 3.146075583628440628e-03 2.999456397156886975e-03 2.862851703448590635e-03 2.704069074078416061e-03 2.299296414718512288e-03 1.982319262037707253e-03 1.901799684807349957e-03 1.753579064798782778e-03 1.562026422515369042e-03 1.503967837591095157e-03 1.442760632278459586e-03 1.412171983306717777e-03 1.363978181778661416e-03 1.501875922068204297e-03 1.713737728083397941e-03 1.713737728083397941e-03 1.622008492608029758e-03 1.622008492608029758e-03 1.398181442465330944e-03
2.647483723163175469e-05 2.652167323667812570e-05 2.658706826490924669e-05 2.661578922430693516e-05 2.661578922430693516e-05 2.651460095675911503e-05 2.611941823549699101e-05 2.513657338108486500e-05 2.308629722476085796e-05 1.976118949197258514e-05 1.374882904755114104e-04 9.981721603376421132e-04 1.937662594218840951e-03 3.366060272958037829e-03 3.366060272958037829e-03 2.873851740090348997e-03 2.163473582358513801e-03 2.226216227217884310e-03 2.233252156516600268e-03 2.233252156516600268e-03 2.154726184631853246e-03 2.020408352844366585e-03 1.557954001241294026e-03 1.642767229817022456e-03 1.773738793827706224e-03 1.861780013153506875e-03 1.861780013153506875e-03 1.789260709506212011e-03 1.646679742830893002e-03 1.540743876976074242e-03 1.407114174614376018e-03 1.533445555535544466e-03 1.590552238584179174e-03 1.590552238584179174e-03 1.514104517574247190e-03 1.434531557867919352e-03 1.393930698839481331e-03
2.834688454682725650e-05 2.844827170658120741e-05 2.864162380905412774e-05 2.891262831473566925e-05 2.925151359679222313e-05 2.967346825591604865e-05 3.024640827469404943e-05 3.097611795947254889e-05 3.097611795947254889e-05 3.043285666555600711e-05 1.633615739743791509e-05 4.231543389894196184e-04 7.072068698637620126e-04 1.872671826633377648e-03 2.432693227533066268e-03 2.450231674283636068e-03 2.450231674283636068e-03 2.064129186632064888e-03 2.014522419073598667e-03 2.047396610795870417e-03 2.047396610795870417e-03 1.961794998684274812e-03 1.426284064908628487e-03 1.561814499441126604e-03 1.801575559224483916e-03 1.900186290522448652e-03 1.900186290522448652e-03 1.773807332281315385e-03 1.686614788738883142e-03 1.541333979385554843e-03 1.514318428409494903e-03 1.562150643456634543e-03 1.562150643456634543e-03 1.543978301171982639e-03 1.456802272223868327e-03 1.335254132866931127e-03 1.276878131071320635e-03
