outputs/five_years_ebb_vel.asc
ncols 259
nrows 149
xllcorner 0.0
yllcorner 0.0
cellsize 1.15722698403
[rows 0 to 16 of 149, columns 37 to 73 of 259]
2.616564884987745889e-03 2.730408548536190569e-03 2.798582097756436172e-03 2.500342913035490978e-03 2.250531262611201073e-03 2.130457129514742778e-03 2.070321364568827351e-03 2.103211915675625831e-03 2.072782842590265365e-03 2.445874915900088636e-03 2.590485948783994956e-03 2.926237161892618170e-03 3.465538079080376574e-03 3.721981118938357067e-03 3.448215415755179550e-03 2.865184110233991860e-03 2.817674319166405591e-03 3.125723542729453783e-03 3.879023635425312734e-03 4.202683954206438283e-03 4.302174343985879466e-03 3.968263041180393816e-03 3.368647953347511832e-03 1.837767085821494142e-03 4.854297874817423619e-04 1.847157340449344918e-05 1.833564720184123909e-05 1.956514362280520068e-05 2.083890845135361500e-05 2.197902481850355261e-05 2.302038155454397861e-05 2.401524648687127791e-05 2.499927656879193197e-05 2.598972894569621177e-05 2.698965279147465574e-05 2.799152044022355405e-05 2.898153942276396984e-05
2.616564884987745889e-03 2.730408548536190569e-03 2.798582097756436172e-03 2.500342913035490978e-03 2.250531262611201073e-03 2.130457129514742778e-03 2.070321364568827351e-03 2.103211915675625831e-03 2.072782842590265365e-03 2.445874915900088636e-03 2.590485948783994956e-03 2.926237161892618170e-03 3.465538079080376574e-03 3.721981118938357067e-03 3.448215415755179550e-03 2.865184110233991860e-03 2.817674319166405591e-03 3.132247553572474648e-03 4.005709327303320390e-03 4.477274474908806562e-03 4.923459203103216358e-03 4.916406802221682214e-03 4.068266902957396423e-03 2.017532872964735054e-03 4.854297874817423619e-04 1.847157340449344918e-05 1.833564720184123909e-05 1.956514362280520068e-05 2.097255691275209849e-05 2.207778444961306424e-05 2.306687335825708836e-05 2.402608133727792992e-05 2.499927656879193197e-05 2.598972894569621177e-05 2.698965279147465574e-05 2.800336910643204334e-05 2.900557155395142912e-05
2.575375182458703935e-03 2.592423627148478064e-03 2.618498796183612014e-03 2.352237554145476112e-03 2.079844058913571901e-03 1.954911380442421638e-03 1.867447360854163334e-03 1.894751021143831985e-03 1.840304604191203217e-03 2.226705711672664640e-03 2.484047952376671527e-03 2.909612045740093793e-03 3.378634075271454585e-03 3.561285195842391754e-03 3.353589419045151145e-03 2.738522278714844351e-03 2.776580153758933817e-03 3.132247553572474648e-03 4.005709327303320390e-03 4.477274474908806562e-03 5.054010537104909433e-03 5.367974206945406307e-03 4.320201277622438135e-03 2.020333729476832263e-03 1.933968085221546664e-04 2.040513238505757933e-05 1.978680688329271817e-05 2.057557574710115373e-05 2.145265953482150886e-05 2.229268270894003588e-05 2.314324609159397020e-05 2.402935123017565025e-05 2.499285427380829947e-05 2.598025747682204759e-05 2.698770898850420819e-05 2.802867544304963593e-05 2.906795883265350110e-05
2.628981979264089809e-03 2.661876450186002711e-03 2.597176805548649572e-03 2.329329974531315229e-03 1.985259417730260607e-03 1.732046911642754665e-03 1.435481495333499648e-03 1.312484065248735498e-03 1.316090469109728722e-03 1.738811151438506529e-03 2.364147926371023764e-03 2.843844667818681317e-03 3.125056196883534403e-03 3.177768437447054360e-03 3.130231966750318066e-03 2.563515524273416932e-03 2.721640767708419836e-03 3.097238628147605966e-03 4.002704097133003187e-03 4.446834932998612600e-03 5.054010537104909433e-03 5.367974206945406307e-03 4.320201277622438135e-03 2.020333729476832263e-03 2.950719771672085460e-05 2.208895592766990277e-05 2.119629482278611676e-05 2.154196135506866415e-05 2.196982277049165977e-05 2.249704075973055667e-05 2.318407706900197128e-05 2.402935123017565025e-05 2.496580171234191858e-05 2.595073769928012825e-05 2.697755657928877047e-05 2.806581725382292097e-05 2.919353261293829082e-05
2.679645145686661116e-03 2.730783358109350415e-03 2.597176805548649572e-03 2.328003387038899124e-03 2.006803339165741211e-03 1.634078452905948818e-03 1.221958319198641679e-03 9.709881805354057382e-04 9.336060015246993313e-04 1.271377875955436842e-03 2.195014837192014404e-03 2.837229747994988571e-03 2.915686949666599064e-03 2.787392690335067837e-03 2.802501378632817584e-03 2.276764503745007211e-03 2.399294233847855309e-03 2.788269461427426120e-03 3.542346209452251152e-03 3.975289061027243061e-03 4.621077427363611857e-03 5.108462983700753912e-03 4.150889865886969385e-03 2.040730186580819085e-03 2.546683698629125902e-05 2.208895592766990277e-05 2.136745512511369695e-05 2.242615207989614987e-05 2.238762943234645490e-05 2.254158049048908153e-05 2.318407706900197128e-05 2.398227577948751514e-05 2.489026364610233936e-05 2.587933502866645837e-05 2.694310418631973731e-05 2.809795677298467374e-05 2.941122917425088935e-05
2.679645145686661116e-03 2.730783358109350415e-03 2.555628571095524930e-03 2.328003387038899124e-03 2.006803339165741211e-03 1.534807739734940632e-03 9.356007487059420525e-04 6.076858013161727653e-04 5.161990798267542110e-04 8.619324376277879987e-04 1.952916317996397080e-03 2.825225215619927080e-03 2.786882258209769613e-03 2.374074056841603796e-03 2.307012326378356844e-03 2.070169433741008563e-03 2.100200559094996412e-03 2.468841876046208063e-03 2.973751939289655775e-03 3.540344766022098140e-03 4.093829912482312150e-03 5.009327755430767470e-03 4.327290886117085220e-03 2.564396792309579093e-03 5.392564977157440547e-04 2.203065184183536840e-05 2.136745512511369695e-05 2.440756240705645771e-05 2.261296238850941969e-05 2.254158049048908153e-05 2.311374564519642246e-05 2.382541117267084846e-05 2.473364206391407522e-05 2.573323458296424519e-05 2.684970788350148383e-05 2.809795677298467374e-05 2.973832047912436033e-05
2.891871491850887561e-03 2.755394976198022577e-03 2.392950324392561882e-03 2.108941082305200009e-03 1.825143495818562197e-03 1.111880396786433340e-03 5.944858626794155988e-04 2.818563075335265102e-04 1.800952113001009678e-04 4.730583995763488385e-04 1.543374190122170963e-03 2.749092177714929867e-03 2.786882258209769613e-03 2.242484493568355341e-03 2.111816776693171450e-03 2.038260611397970951e-03 2.073417338007627238e-03 2.346015343729877800e-03 2.653232054907869644e-03 3.271169247908677080e-03 3.562014008133084116e-03 4.337511747600038790e-03 4.327290886117085220e-03 3.340850067963787619e-03 1.903670031860394633e-03 7.464419160155406864e-04 1.981672175593766439e-05 3.277441340388114339e-05 2.261296238850941969e-05 2.216790612468342404e-05 2.290391384862437471e-05 2.347198120208593669e-05 2.448565885391966408e-05 2.547025335577572230e-05 2.662453599173790250e-05 2.806507278036398696e-05 3.012356729086444670e-05
3.574233863859120532e-03 3.301437000681653900e-03 2.149119100809236509e-03 1.909812503941733927e-03 1.498633149695871667e-03 6.495288620812846329e-04 2.936342099855987616e-04 9.231324252842884007e-05 8.070340475607955374e-06 1.074113768917413865e-04 1.032927677697838709e-03 2.567785782887524720e-03 2.761795731465524917e-03 2.181569981237392510e-03 1.911512570759968345e-03 1.898676180519201116e-03 1.897430338549484967e-03 2.081687435165727271e-03 2.305978237127738646e-03 2.717633440559804898e-03 2.970612435814663083e-03 3.468670381227543544e-03 3.936704259897799534e-03 3.673154462986054532e-03 2.971648778611796476e-03 2.150687502899000306e-03 1.092951361339037242e-03 3.277441340388114339e-05 2.148875158995037989e-05 2.061316777110989865e-05 2.525806713726112433e-05 2.267294093312769397e-05 2.487085139408066109e-05 2.503758399447965778e-05 2.611310994730916331e-05 2.779947787760785930e-05 3.021310888196639764e-05
4.863841304816423662e-03 3.491622601674872033e-03 2.425012484401592016e-03 1.633393034543533092e-03 1.132628095438180252e-03 3.218051373188499076e-04 9.614979728336444452e-06 1.077944506020200641e-05 7.517524894370408683e-06 5.763750882559001195e-06 5.133055391698537620e-04 2.081489036691120363e-03 2.740580737877399212e-03 2.181569981237392510e-03 1.854781480569448826e-03 1.946866465947779930e-03 1.870168577829492331e-03 1.997021635435503560e-03 2.082961393955002662e-03 2.330936430788606208e-03 2.515666238961946320e-03 2.786705024489707569e-03 3.565693110226112079e-03 3.673154462986054532e-03 2.971648778611796476e-03 2.691073906484639077e-03 2.616541593811688195e-03 1.356504230374166271e-03 7.255784504408687927e-04 3.700435469394025892e-04 2.525806713726112433e-05 2.009100131399374202e-05 3.082543158749243955e-05 2.430021388093341192e-05 2.499084192541238902e-05 2.689616149189494139e-05 3.021310888196639764e-05
4.877399227160952519e-03 3.491622601674872033e-03 1.767578821118750802e-03 1.184778977604299425e-03 6.735095111573851691e-04 1.088712579585291389e-05 1.011542772696257137e-05 9.248941468699829367e-06 7.717966665921197606e-06 6.415010393676191799e-06 6.132016431162918215e-06 1.526225493137730281e-03 2.740580737877399212e-03 2.139033647500831418e-03 1.805735925171108930e-03 1.946866465947779930e-03 1.744561699386873660e-03 1.741154627340414391e-03 1.764602264493364808e-03 1.992593945755987382e-03 2.246922497184616983e-03 2.167912484281561171e-03 2.503245059037885988e-03 2.868109957597555267e-03 2.806716473218510716e-03 2.691073906484639077e-03 2.616541593811688195e-03 1.620596049913292005e-03 1.526459072649952002e-03 1.936043400397893582e-03 1.411505715619202532e-03 7.598467097888961718e-04 3.082543158749243955e-05 2.230157820975977765e-05 2.265388238151098575e-05 2.458121728259178468e-05 2.827048855200400623e-05
4.877399227160952519e-03 2.728157905857550580e-03 1.358221661034004178e-03 7.076194915258944649e-04 1.738973455677452146e-04 1.358418436746828729e-05 1.087578919177041753e-05 9.252928905979507303e-06 7.855515183747613432e-06 6.515036231217721472e-06 5.663287795006984144e-06 1.003529677331892796e-03 2.487393002624171782e-03 1.876327572856673672e-03 1.531831963349204653e-03 1.641810704927345720e-03 1.641077572818604299e-03 1.553974976507492556e-03 1.435552089091788079e-03 1.542141913171747331e-03 1.721791109721045260e-03 1.583695178443724188e-03 1.512276668669257449e-03 1.556503501158958396e-03 1.688857744925699889e-03 1.908027834132867886e-03 2.843001849562197883e-03 2.458826005634797210e-03 1.741214815247136985e-03 1.936043400397893582e-03 2.110791711288102085e-03 1.622305899331330644e-03 9.699605767571529589e-04 4.481549064894573692e-04 2.735810299498076166e-04 1.202855391683511785e-04 1.575194981326575667e-05
4.375733541123538912e-03 2.445753303041314428e-03 1.112925791474302616e-03 2.498541087062002339e-05 2.035001006720911737e-05 1.358418436746828729e-05 1.087578919177041753e-05 9.252928905979507303e-06 7.936128931871569103e-06 6.624017951361268046e-06 5.165601396085516997e-06 5.835522468603255696e-04 1.861940535235293015e-03 1.510791264833750026e-03 1.186642133673809557e-03 1.199640017825469047e-03 1.486604991948141993e-03 1.316232634200260746e-03 1.099543153500350586e-03 1.061036938552403558e-03 1.005134127549764129e-03 8.099644298769862610e-04 4.648795863820464540e-04 5.566213954507789842e-04 1.103726126772680647e-03 1.728277464760162715e-03 3.001272525489093353e-03 2.990757624049176187e-03 1.969777558424340436e-03 1.864486440500051417e-03 2.110791711288102085e-03 1.954009112587769444e-03 1.194483998697195128e-03 8.890246835798691193e-04 7.001504947257152249e-04 3.967655129874395146e-04 1.960147492150926052e-04
3.893399369247419178e-03 2.102696230552660549e-03 8.708420052994634859e-04 1.335635284654970319e-05 1.410832473018526285e-05 1.222381241504022771e-05 1.055061576667079933e-05 9.196595056508809332e-06 8.068387535868880368e-06 6.949132780707912016e-06 5.718530030046010252e-06 2.735301790359505802e-04 1.379188147982890423e-03 1.248292387353884449e-03 8.864129962344498032e-04 8.407490632621582175e-04 9.569534579807178814e-04 9.714862123353724043e-04 8.553353628875802646e-04 6.901228349424984310e-04 5.230912428639922056e-04 1.947705720386856058e-04 7.046954656326362095e-05 5.937649214059271315e-04 8.687750829365316818e-04 1.539029351436453207e-03 3.001272525489093353e-03 2.990757624049176187e-03 2.206590801907999232e-03 1.864486440500051417e-03 2.086683981976076609e-03 2.090943918487356539e-03 1.342605133057925759e-03 1.211524079216279000e-03 1.125406232267297212e-03 7.281388702100177876e-04 4.649855456733222904e-04
3.313461667743022518e-03 1.706483227286024378e-03 6.102726389256445160e-04 2.410835657495011568e-05 1.135243846779589569e-05 1.065212479583681042e-05 9.906266403364018887e-06 9.046706621513627558e-06 8.341581809382606766e-06 7.385595605555706240e-06 5.956173769775670280e-06 1.119714646386035686e-04 9.588621683860138953e-04 1.062026401331476718e-03 6.491934277472678934e-04 5.032868151864502764e-04 4.546704483826811993e-04 5.205621487002579659e-04 5.991285222794517700e-04 4.354151948800282705e-04 -4.909326051494100558e-05 -7.501047587471740036e-05 1.036366456813097648e-04 5.937649214059271315e-04 7.435031324519513840e-04 1.523601792555951719e-03 2.331415305522139582e-03 2.597861454964799695e-03 2.206590801907999232e-03 1.786382831844353369e-03 1.867865966187184316e-03 2.090943918487356539e-03 1.650800928969146843e-03 1.634747740754454934e-03 1.438399616870999305e-03 1.154568685723317018e-03 9.642457378906608674e-04
2.323543316421464080e-03 1.192005220234617106e-03 3.370797774791600481e-04 2.410835657495011568e-05 8.128607363303638557e-06 9.183232864704947627e-06 9.454647926915478790e-06 9.298403100920105219e-06 8.896766605792523814e-06 8.295494062356179347e-06 7.454509686377025520e-06 5.545421946220727887e-05 5.473880434077193656e-04 6.947787776380778000e-04 4.324676465327857689e-04 1.878474431633479162e-04 1.699946235954804012e-04 2.165805382048100543e-04 1.744117380779702635e-04 9.301172356212900289e-05 -5.396015967610613017e-05 -7.501047587471740036e-05 1.036366456813097648e-04 3.457138574935781934e-04 4.439140802242395835e-04 1.111017915624352764e-03 1.542081494654310185e-03 2.344645147703634715e-03 1.601981522059550689e-03 1.431151122013561879e-03 1.702382322222304942e-03 1.859065193931376623e-03 2.632300642210523654e-03 2.707266466406981452e-03 2.128273356384985295e-03 1.690292618049599920e-03 1.616628455874464642e-03
1.820066095252170042e-03 7.156546228601550841e-04 1.473816831161920890e-04 1.042141220031530216e-05 1.004821742255757943e-05 1.002369427145382281e-05 9.961337312602223972e-06 9.826620380659787730e-06 9.651587450511742635e-06 9.445104351699970034e-06 9.107155904138544887e-06 8.645598422375383257e-06 2.525408821116679895e-04 4.090222340015088587e-04 3.286977404906379105e-04 1.837054971192911702e-04 9.525277278188614631e-05 6.392175196229104575e-05 5.106361524236178572e-05 2.374075229118604446e-05 1.548670767657942622e-05 3.196770354827915188e-05 2.788354566549017615e-05 7.376305702019653936e-05 1.110174108608194581e-04 5.210424618604625165e-04 8.031487475273289389e-04 1.089045567483506441e-03 7.836997406190139310e-04 7.437100226947596657e-04 9.995034058896846031e-04 1.501109875863622335e-03 2.632300642210523654e-03 2.707266466406981452e-03 2.312608557692157497e-03 2.446091983263293333e-03 2.497111837751723237e-03
1.937775322841484970e-03 5.457410897233882022e-04 1.588309578429035059e-05 1.304515193553653256e-05 1.161915585515696126e-05 1.090198948595009298e-05 1.054038667137938982e-05 1.039515365860464880e-05 1.043785846389419430e-05 1.072617998979288472e-05 1.147759986953777134e-05 1.349851650967799151e-05 8.481144264155270930e-05 2.122386796890548589e-04 2.874249629076559452e-04 1.639100144665707308e-04 5.395394384246534193e-05 4.728825879370167020e-05 3.574184883822569030e-05 2.374075229118604446e-05 2.786666119034566946e-05 3.196770354827915188e-05 2.788354566549017615e-05 1.732157002467840477e-05 1.278596126151166215e-05 1.006536706263538775e-05 8.313417619732857184e-05 3.526639607892385550e-04 2.226637009453663444e-04 2.379383621698260957e-04 4.578845152702130353e-04 7.274248126080433072e-04 1.245477632126978191e-03 1.578043526619394470e-03 2.312608557692157497e-03 2.446091983263293333e-03 2.928617532607014160e-03
