outputs/five_years_topographic__elevation.asc
ncols 259
nrows 149
xllcorner 0.0
yllcorner 0.0
cellsize 1.15722698403
[rows 64 to 79 of 149, columns 185 to 221 of 259]
-1.842822257312946022e+00 -1.781200472149066627e+00 -1.780293051037006080e+00 -1.718296948703937232e+00 -1.764817777904681861e+00 -1.723826352390460670e+00 -1.743027750286273658e+00 -1.747788969310931861e+00 -1.755899611744098365e+00 -1.830792013439349830e+00 -1.456147853168658912e+00 -1.595706287655048072e+00 -1.982177082332782447e+00 -2.236774150165729225e+00 -2.340136948856525123e+00 -2.253796998295001686e+00 -1.858683649334125221e+00 -1.309346619877032936e+00 -1.170052830013446510e+00 -1.276755872997455299e+00 -1.127425495418719947e+00 -9.876942074624821544e-01 -1.116604510578326881e+00 -1.305695596965961158e+00 -1.235040727886371315e+00 -1.012094203266315162e+00 -1.010828558239154518e+00 -1.276833120617084205e+00 -1.620002571376971900e+00 -1.896681904792785645e+00 -2.069316148757934570e+00 -2.200714349746704102e+00 -2.217747449874877930e+00 -2.038374423980712891e+00 -2.049729108810424805e+00 -2.187020301818847656e+00 -2.267615556716918945e+00
-1.824364367756061256e+00 -1.669204298290424049e+00 -1.801230613025836647e+00 -1.956338826450519264e+00 -1.958698693546466529e+00 -1.835392776760272682e+00 -1.825177375110797584e+00 -1.832150641712360084e+00 -1.948362890514545143e+00 -1.943974915775470436e+00 -1.647118870052509010e+00 -1.888343158992938697e+00 -2.092185679706744850e+00 -2.285438958439044654e+00 -2.197778407367877662e+00 -2.193128529819659889e+00 -1.989458981784991920e+00 -1.579562965664081275e+00 -1.346568170818500221e+00 -1.238367024692706764e+00 -1.074169818195514381e+00 -1.061529461177997291e+00 -1.165506426128558815e+00 -1.255825105938129127e+00 -1.248891655239276588e+00 -1.289995256694965065e+00 -1.494214597973041236e+00 -1.853410307201556861e+00 -2.092249870300292969e+00 -2.268123149871826172e+00 -2.416931390762329102e+00 -2.441949844360351562e+00 -2.286803960800170898e+00 -2.217747449874877930e+00 -2.167536258697509766e+00 -2.155288696289062500e+00 -2.277309179306030273e+00
-1.833553615841083229e+00 -1.724639121326617897e+00 -1.865043345722369850e+00 -2.022108022007159889e+00 -2.054548207554034889e+00 -1.854841295513324440e+00 -1.730204883846454322e+00 -1.718604866298846900e+00 -1.868061486515216529e+00 -1.909291926654987037e+00 -1.800993744167499244e+00 -1.915280643734149635e+00 -1.912160221370868385e+00 -1.937230531009845436e+00 -1.809743109974078834e+00 -1.840728822979144752e+00 -1.982746902736835182e+00 -1.848681155475787818e+00 -1.592381659778766334e+00 -1.330590311321429908e+00 -1.192425910267047584e+00 -1.214671198162250221e+00 -1.265716496738605201e+00 -1.312523070606403053e+00 -1.363924566539935768e+00 -1.658014956745319068e+00 -1.915237728389911354e+00 -2.168818950653076172e+00 -2.358079910278320312e+00 -2.725425243377685547e+00 -2.818696737289428711e+00 -2.559192657470703125e+00 -2.441949844360351562e+00 -2.314538717269897461e+00 -2.213373422622680664e+00 -2.172474145889282227e+00 -2.290880918502807617e+00
-1.925882879528217018e+00 -1.733820978435687721e+00 -1.662402097019366920e+00 -1.729775491985492408e+00 -1.922944132122211158e+00 -1.842476192745380104e+00 -1.727434936794452369e+00 -1.648953381809405982e+00 -1.642249051365070045e+00 -1.577461186680011451e+00 -1.520572844776324928e+00 -1.543488565715961158e+00 -1.425701085361652076e+00 -1.398898783954791725e+00 -1.307810250553302467e+00 -1.340086880954913795e+00 -1.795635048183612525e+00 -2.009873334201984107e+00 -1.815444890293292701e+00 -1.513286772998981178e+00 -1.411060038837604225e+00 -1.450481120380572975e+00 -1.504814449581317604e+00 -1.574945393833331764e+00 -1.719131532940082252e+00 -1.999851886066608131e+00 -2.285804271697998047e+00 -2.431286573410034180e+00 -2.677288532257080078e+00 -3.075422525405883789e+00 -2.873181581497192383e+00 -2.818696737289428711e+00 -2.595057249069213867e+00 -2.461056709289550781e+00 -2.315500497817993164e+00 -2.217747449874877930e+00 -2.381567955017089844e+00
-2.002029839786700904e+00 -1.807830873760394752e+00 -1.701657716068439186e+00 -1.622656170162372291e+00 -1.794143501552753150e+00 -1.869625750812701881e+00 -1.818106356891803443e+00 -1.645976129802875221e+00 -1.335284296306781471e+00 -1.139373365673236549e+00 -1.099250141414813697e+00 -1.036522094043903053e+00 -8.976685440866276622e-01 -8.017883932916447520e-01 -7.470924294320866466e-01 -8.895595109788700938e-01 -1.428308430942706764e+00 -1.967788044246844947e+00 -2.027895633014850318e+00 -1.722542229923419654e+00 -1.628653589519672096e+00 -1.705383363994769752e+00 -1.826116386684589088e+00 -1.984538022312335670e+00 -2.141032934188842773e+00 -2.208214044570922852e+00 -2.560498476028442383e+00 -2.756758213043212891e+00 -2.962951183319091797e+00 -2.917677640914916992e+00 -3.075422525405883789e+00 -2.838155746459960938e+00 -2.764523267745971680e+00 -2.606613159179687500e+00 -2.441949844360351562e+00 -2.447095632553100586e+00 -2.400468349456787109e+00
-2.149675313266925514e+00 -1.977127138408832252e+00 -1.674598280224017799e+00 -1.539233270916156471e+00 -1.623674098285846412e+00 -1.729003015789203346e+00 -1.631326619419269264e+00 -1.305783335003070533e+00 -9.929648077813908458e-01 -9.703179633943364024e-01 -1.020294014248065650e+00 -1.035533729824237525e+00 -9.323493278352543712e-01 -7.331319487420842052e-01 -6.567207014886662364e-01 -8.253972566453740001e-01 -1.208998028072528541e+00 -1.753884617122821510e+00 -2.034257355961017311e+00 -1.926329795154742897e+00 -1.864303532871417701e+00 -1.960679951938800514e+00 -2.124856710433959961e+00 -2.352247476577758789e+00 -2.465411424636840820e+00 -2.475309371948242188e+00 -2.809360980987548828e+00 -2.928323745727539062e+00 -2.955048561096191406e+00 -2.958999872207641602e+00 -2.941908597946166992e+00 -2.953492879867553711e+00 -2.922433614730834961e+00 -2.818696737289428711e+00 -2.615286588668823242e+00 -2.509475708007812500e+00 -2.427464723587036133e+00
-2.003417197498492897e+00 -1.899973217281512916e+00 -1.664658967289142311e+00 -1.506624761852435768e+00 -1.479911390575580299e+00 -1.452796880039386451e+00 -1.335827056202106178e+00 -1.016562167438678443e+00 -8.325814640847966075e-01 -1.002267662319354713e+00 -1.211849275860004127e+00 -1.415157142910175025e+00 -1.405174437793903053e+00 -1.166862312587909400e+00 -1.028630081447772682e+00 -1.049407306942157447e+00 -1.310563508304767311e+00 -1.751594487461261451e+00 -2.049764100345782936e+00 -2.060818616184405982e+00 -2.075850430759601295e+00 -2.204975605010986328e+00 -2.374629020690917969e+00 -2.667520284652709961e+00 -2.762483596801757812e+00 -2.843719959259033203e+00 -3.080578088760375977e+00 -3.054031133651733398e+00 -2.979134559631347656e+00 -2.955048561096191406e+00 -2.982289314270019531e+00 -2.976787090301513672e+00 -3.075422525405883789e+00 -2.809633255004882812e+00 -2.732387781143188477e+00 -2.621900081634521484e+00 -2.476927280426025391e+00
-1.862849894794635475e+00 -2.021452847751788795e+00 -1.843619886669330299e+00 -1.653107229503802955e+00 -1.441520158085040748e+00 -1.197459164890460670e+00 -1.060339633258990943e+00 -9.604493415681645274e-01 -8.670157230226323009e-01 -1.094917122158221900e+00 -1.457296673092059791e+00 -1.767610374721698463e+00 -1.724968496593646705e+00 -1.449096862110309303e+00 -1.354198638233356178e+00 -1.378322306904010475e+00 -1.696087781223468482e+00 -1.955359760555438697e+00 -2.051152411731891334e+00 -2.193745136260986328e+00 -2.319296121597290039e+00 -2.434052228927612305e+00 -2.701165199279785156e+00 -2.966488122940063477e+00 -3.080083847045898438e+00 -3.191005468368530273e+00 -3.281180858612060547e+00 -3.138596773147583008e+00 -3.054031133651733398e+00 -3.033821582794189453e+00 -2.980452537536621094e+00 -2.957024097442626953e+00 -2.946749687194824219e+00 -2.902371883392333984e+00 -2.846377134323120117e+00 -2.771606445312500000e+00 -2.622419834136962891e+00
-1.964285198482684791e+00 -2.094146672519855201e+00 -2.057762090000323951e+00 -1.904893223079852760e+00 -1.605813328060321510e+00 -1.322774354252032936e+00 -1.202090326580218971e+00 -1.224232617649249732e+00 -1.123041573795489967e+00 -1.321757379802875221e+00 -1.697066370281390846e+00 -1.856062594684772193e+00 -1.768237773212604225e+00 -1.625930014881305397e+00 -1.718760196003131568e+00 -1.823146168026141822e+00 -2.118066254886798561e+00 -2.245692729949951172e+00 -2.271618843078613281e+00 -2.444939136505126953e+00 -2.602267742156982422e+00 -2.693320989608764648e+00 -2.973291873931884766e+00 -3.222462177276611328e+00 -3.379418134689331055e+00 -3.479415655136108398e+00 -3.412959814071655273e+00 -3.281180858612060547e+00 -3.244505405426025391e+00 -3.077003717422485352e+00 -2.996071338653564453e+00 -2.955048561096191406e+00 -3.004313945770263672e+00 -2.967804908752441406e+00 -2.951272249221801758e+00 -2.938850879669189453e+00 -2.818696737289428711e+00
-1.807241979870013893e+00 -1.996010485920123756e+00 -2.170809212955646217e+00 -2.069711152347736061e+00 -1.795202318462543190e+00 -1.575244728359393775e+00 -1.497761312755756080e+00 -1.507555905613116920e+00 -1.373157087597064674e+00 -1.571961585315875709e+00 -1.941750232013873756e+00 -1.917596880230121315e+00 -1.792065683635883033e+00 -1.821535888942889869e+00 -1.979432526859454811e+00 -2.138345185550861061e+00 -2.270695447921752930e+00 -2.466028213500976562e+00 -2.492660522460937500e+00 -2.633010625839233398e+00 -2.805001735687255859e+00 -2.990786314010620117e+00 -3.212892293930053711e+00 -3.446217060089111328e+00 -3.626144647598266602e+00 -3.700237512588500977e+00 -3.677010536193847656e+00 -3.501397848129272461e+00 -3.434018135070800781e+00 -3.157936334609985352e+00 -3.054031133651733398e+00 -3.168756723403930664e+00 -3.037086009979248047e+00 -2.997140884399414062e+00 -2.991070508956909180e+00 -3.075422525405883789e+00 -2.850603103637695312e+00
-1.577886048587970436e+00 -1.914964262279681861e+00 -2.122101966175250709e+00 -1.960111562046222389e+00 -1.779464784893207252e+00 -1.528045955928973854e+00 -1.381503526004962623e+00 -1.412744108471088111e+00 -1.483090821537189186e+00 -1.860927883419208229e+00 -2.220026198658160865e+00 -2.116861048969440162e+00 -1.967333499225787818e+00 -2.052577677997760475e+00 -2.239330712589435279e+00 -2.488571882247924805e+00 -2.465181589126586914e+00 -2.617665529251098633e+00 -2.691244125366210938e+00 -2.798595905303955078e+00 -2.987929105758666992e+00 -3.337359428405761719e+00 -3.534672260284423828e+00 -3.669042587280273438e+00 -3.796598196029663086e+00 -3.851378202438354492e+00 -3.775807857513427734e+00 -3.650372982025146484e+00 -3.599667549133300781e+00 -3.281180858612060547e+00 -3.359681129455566406e+00 -3.266114234924316406e+00 -3.054729938507080078e+00 -2.988525629043579102e+00 -2.956036329269409180e+00 -2.983531951904296875e+00 -2.902185201644897461e+00
-1.435436550411395729e+00 -1.560250941547565162e+00 -1.828227106365375221e+00 -1.894958916935138404e+00 -1.749760690960101783e+00 -1.408477965625934303e+00 -1.262107435497455299e+00 -1.376693908008746803e+00 -1.715769592556171119e+00 -2.175615016254596412e+00 -2.425515118869952857e+00 -2.318860769271850586e+00 -2.193236112594604492e+00 -2.224783182144165039e+00 -2.474652767181396484e+00 -2.680998563766479492e+00 -2.690139055252075195e+00 -2.737481355667114258e+00 -2.871300935745239258e+00 -2.975087404251098633e+00 -3.174486875534057617e+00 -3.498881101608276367e+00 -3.666313886642456055e+00 -3.737248659133911133e+00 -3.763566970825195312e+00 -3.823988199234008789e+00 -3.851378202438354492e+00 -3.779966831207275391e+00 -3.768065452575683594e+00 -3.526287317276000977e+00 -3.450485467910766602e+00 -3.352708339691162109e+00 -3.086878776550292969e+00 -3.001717090606689453e+00 -2.955048561096191406e+00 -3.071411371231079102e+00 -2.952319383621215820e+00
-1.271090451511554420e+00 -1.197982255253009498e+00 -1.324830476078204811e+00 -1.549943867954425514e+00 -1.523993197712115943e+00 -1.267746630939655006e+00 -1.200798217090778053e+00 -1.497525159153155982e+00 -1.968249622615985572e+00 -2.315185014042071998e+00 -2.522229433059692383e+00 -2.565467596054077148e+00 -2.559996366500854492e+00 -2.551691532135009766e+00 -2.579470396041870117e+00 -2.735062122344970703e+00 -2.957132101058959961e+00 -3.154163599014282227e+00 -3.190787076950073242e+00 -3.165278673171997070e+00 -3.249164581298828125e+00 -3.505701303482055664e+00 -3.768975496292114258e+00 -3.724179267883300781e+00 -3.737248659133911133e+00 -3.772673845291137695e+00 -3.799995183944702148e+00 -3.825638055801391602e+00 -3.813592910766601562e+00 -3.641600847244262695e+00 -3.581148386001586914e+00 -3.494983911514282227e+00 -3.164382696151733398e+00 -3.054031133651733398e+00 -3.260059595108032227e+00 -3.174794673919677734e+00 -3.018010616302490234e+00
-1.547849003109149635e+00 -1.365640941890887916e+00 -1.169997516903094947e+00 -1.207008305820636451e+00 -1.280598226818256080e+00 -1.268883172306232154e+00 -1.437451187404803932e+00 -1.889492932590655982e+00 -2.191351119312457740e+00 -2.288213673862628639e+00 -2.427546922001056373e+00 -2.590254545211791992e+00 -2.673256397247314453e+00 -2.610855102539062500e+00 -2.444605588912963867e+00 -2.651322603225708008e+00 -3.024353504180908203e+00 -3.342765808105468750e+00 -3.538458108901977539e+00 -3.493633985519409180e+00 -3.530674695968627930e+00 -3.513628959655761719e+00 -3.637338399887084961e+00 -3.768975496292114258e+00 -3.747921228408813477e+00 -3.772369384765625000e+00 -3.794045448303222656e+00 -3.837683200836181641e+00 -3.851378202438354492e+00 -3.740430116653442383e+00 -3.711949586868286133e+00 -3.662776947021484375e+00 -3.281180858612060547e+00 -3.400901794433593750e+00 -3.335520267486572266e+00 -3.242069959640502930e+00 -3.049480915069580078e+00
-1.986237231525592506e+00 -1.858615342411212623e+00 -1.522960130008868873e+00 -1.283277455600909889e+00 -1.342123929294757545e+00 -1.632075969013385475e+00 -1.927762213977985084e+00 -2.116262618335895240e+00 -2.065176669391803443e+00 -1.919005099567584693e+00 -2.109921399387530982e+00 -2.401877164840698242e+00 -2.561478137969970703e+00 -2.689339637756347656e+00 -2.739348173141479492e+00 -2.910727977752685547e+00 -3.141488790512084961e+00 -3.438573360443115234e+00 -3.757399320602416992e+00 -3.863223314285278320e+00 -3.629177331924438477e+00 -3.530674695968627930e+00 -3.621580123901367188e+00 -3.648340225219726562e+00 -3.727343559265136719e+00 -3.743467807769775391e+00 -3.737248659133911133e+00 -3.780985116958618164e+00 -3.796031236648559570e+00 -3.805899143218994141e+00 -3.812720775604248047e+00 -3.811012268066406250e+00 -3.541983842849731445e+00 -3.475897550582885742e+00 -3.408981800079345703e+00 -3.300874471664428711e+00 -3.060281276702880859e+00
-2.176476422580890357e+00 -2.132453147205524147e+00 -1.810009542736224830e+00 -1.457134190830402076e+00 -1.519643012317828834e+00 -1.860315147670917213e+00 -2.094440881046466529e+00 -2.018469516071490943e+00 -1.607388559612445533e+00 -1.444333616527728736e+00 -1.785446945461444557e+00 -2.323680400848388672e+00 -2.566002130508422852e+00 -2.816759586334228516e+00 -3.265261650085449219e+00 -3.503396034240722656e+00 -3.616648435592651367e+00 -3.771730661392211914e+00 -3.935595273971557617e+00 -3.900739908218383789e+00 -3.863223314285278320e+00 -3.744334697723388672e+00 -3.639098882675170898e+00 -3.612654447555541992e+00 -3.703156948089599609e+00 -3.768975496292114258e+00 -3.745878219604492188e+00 -3.775516033172607422e+00 -3.792460680007934570e+00 -3.808511734008789062e+00 -3.832073211669921875e+00 -3.832485675811767578e+00 -3.611315488815307617e+00 -3.553862333297729492e+00 -3.487860679626464844e+00 -3.379048585891723633e+00 -3.090539932250976562e+00
