outputs/five_years_flood_vel.asc
ncols 259
nrows 149
xllcorner 0.0
yllcorner 0.0
cellsize 1.15722698403
[rows 34 to 50 of 149, columns 37 to 73 of 259]
5.306537473845312873e-04 7.045689215385351860e-04 7.045689215385351860e-04 1.099772060502184805e-03 1.099772060502184805e-03 1.031573825753927948e-03 5.493365328065752135e-04 8.547525900157713387e-05 3.022568725780207156e-06 5.365607043675730865e-06 5.365607043675730865e-06 3.103968461904733357e-06 3.656139064327044781e-06 4.430423189170549360e-06 5.112274278410303850e-06 5.696776652890853178e-06 6.213752873937003256e-06 6.690402391046129652e-06 7.145749045536013430e-06 7.592305305475834527e-06 8.038425925926786080e-06 8.490069534930356484e-06 8.951940334538978700e-06 9.428173870892540720e-06 9.922687793082988017e-06 1.043924109859457450e-05 1.098116627042703996e-05 1.155065019032532434e-05 1.214731891353784648e-05 1.276565578720886079e-05 1.339013983854421762e-05 1.398466927511171576e-05 1.446464956852855596e-05 1.461741150164393151e-05 1.461741150164393151e-05 1.391781280203514893e-05 1.155171843130246903e-05
4.675940313700753699e-04 5.972274371293514669e-04 5.972274371293514669e-04 7.228772329852986133e-04 7.682949027328177380e-04 8.648420532194014314e-04 8.648420532194014314e-04 4.191752702025466817e-04 1.341788934825891455e-04 1.186461791907738511e-05 1.186461791907738511e-05 1.740632815012824116e-06 3.393337730584382477e-06 4.550962572453547493e-06 5.338512270697643910e-06 5.928221063702070153e-06 6.420359184997662230e-06 6.866897099348733647e-06 7.294885768876107635e-06 7.719186850915086201e-06 8.148776903832066282e-06 8.589893436357369158e-06 9.047683077432380801e-06 9.527122729466984074e-06 1.003355832782748690e-05 1.057299614888808803e-05 1.115215938055936972e-05 1.177823197344044950e-05 1.245815573616154776e-05 1.319742412276716546e-05 1.399874947146122797e-05 1.486143690256720540e-05 1.577568785505122187e-05 1.663883442875538292e-05 1.663883442875538292e-05 1.657010042116519738e-05 1.156394451266686739e-05
2.114450132045519190e-04 2.087729405216766257e-04 2.811742725105336447e-04 5.482123861037933215e-04 5.599011755058330838e-04 6.050932617372962400e-04 6.994364635646073847e-04 6.994364635646073847e-04 3.655388638579347253e-04 1.456287336164224344e-04 3.625820232613168964e-05 6.339735510459353493e-06 3.625616470544340948e-06 5.041577099361308868e-06 5.762591168225033614e-06 6.257236146221983229e-06 6.672565703002923180e-06 7.061941052474760633e-06 7.447710079704748035e-06 7.840779425476540493e-06 8.247601402128979645e-06 8.673044229234888212e-06 9.121775809365268006e-06 9.599075641716031012e-06 1.011142663987182480e-05 1.066702578857130896e-05 1.127624312948208604e-05 1.195196258671501915e-05 1.270964793490123105e-05 1.356713549623693385e-05 1.454599702196575588e-05 1.568664100864458993e-05 1.713783052035444963e-05 1.959213793716073199e-05 2.621459891768674287e-05 2.621459891768674287e-05 -1.282241594009599854e-05
4.498440053206816374e-04 2.914551996143991547e-04 2.726298002851054725e-04 3.808748442121501774e-04 3.808748442121501774e-04 3.526877455402099913e-04 3.318810276387670509e-04 3.318810276387670509e-04 3.275664616367120392e-04 2.155559502818488486e-04 1.167927300793457362e-04 1.363481588239279808e-05 7.343764219059436098e-06 6.268590935129784342e-06 6.413039156619206072e-06 6.665566649957704377e-06 6.950726428317304415e-06 7.260591327842361537e-06 7.593234071992119550e-06 7.948619369157179532e-06 8.327805049972313478e-06 8.732906269087771715e-06 9.167300289078673242e-06 9.635977388159603320e-06 1.014604680137208778e-05 1.070743723604381123e-05 1.133382476208220418e-05 1.204372730903577301e-05 1.286133792049230097e-05 1.381547290531299009e-05 1.493146211152071730e-05 1.620129958969085393e-05 1.749685528056136994e-05 1.837728788184589176e-05 1.837728788184589176e-05 2.515233693384535558e-05 -3.053886956988694006e-05
4.630668874618271581e-04 4.075887457821130550e-04 3.142562774630056500e-04 2.325637506524539354e-04 1.708327516206902138e-04 1.126399885118341320e-04 1.266395963603956956e-04 1.266395963603956956e-04 1.114681804872281199e-04 1.173668336165866626e-04 1.173668336165866626e-04 1.342654976577034778e-05 9.672689941612996458e-06 7.877844864693377247e-06 7.185345553778515623e-06 7.041264868672746460e-06 7.204182032466312422e-06 7.436463758584921043e-06 7.716015511264280577e-06 8.032658929188582321e-06 8.382093159514582715e-06 8.763475508065235643e-06 9.178541689701817842e-06 9.631486820471624630e-06 1.012934594141310670e-05 1.068285159215016071e-05 1.130789137376676019e-05 1.202778396685347117e-05 1.287650353271952821e-05 1.390195609300178122e-05 1.516307892911370977e-05 1.669023995803621340e-05 1.827100313035445722e-05 1.844749506293989663e-05 1.844749506293989663e-05 9.975025199486733753e-06 -6.580544423266562444e-05
4.052786754274205006e-04 4.052786754274205006e-04 3.347147810546415437e-04 1.959979059639434869e-04 5.476313939078871049e-05 -1.654066351027869657e-05 -2.572203707007803753e-05 -4.438537018563896779e-05 2.975456222120305812e-05 6.182755207728731742e-05 6.182755207728731742e-05 1.380074621563647103e-05 1.004260091692869596e-05 8.384753028252258305e-06 7.639538542126548973e-06 7.347792909216006727e-06 7.388273074290431084e-06 7.565066162767077767e-06 7.801705285291090278e-06 8.083907676818557510e-06 8.404433150831967331e-06 8.760360913956797405e-06 9.151904141192012291e-06 9.582082262611777538e-06 1.005699855165867395e-05 1.058673181737685122e-05 1.118710517398100479e-05 1.188301365189179785e-05 1.271493615053044090e-05 1.375276900486118143e-05 1.512865755389600348e-05 1.712557818298585639e-05 2.044942221988085037e-05 2.716666404007171264e-05 2.716666404007171264e-05 -4.303157248991342789e-05 -1.147364755521196089e-04
3.751924327835581721e-04 3.684220717539768149e-04 3.233934913596748974e-04 1.503681662137830335e-04 -7.298734204657377443e-05 -7.298734204657377443e-05 -8.448975422005352816e-05 -6.153911704939454494e-05 5.109711925299594882e-05 5.109711925299594882e-05 7.677968641376057293e-06 8.312214482212983499e-06 8.312214482212983499e-06 7.979027789260831170e-06 7.640262677259131480e-06 7.456322302471191603e-06 7.485393931732070725e-06 7.633822532902150726e-06 7.841831790314794233e-06 8.096833341962539289e-06 8.391370853038267118e-06 8.721630855737682976e-06 9.086631698497673319e-06 9.487939537124928034e-06 9.929834185232638458e-06 1.041997195171738585e-05 1.097078385288924011e-05 1.160222931620186119e-05 1.234745841264975756e-05 1.326552622201634257e-05 1.447320409862269544e-05 1.623399300013061750e-05 1.923444352611165985e-05 2.552259669868606440e-05 2.552259669868606440e-05 7.489857154539580601e-06 4.498266531897699515e-06
3.918928721900742001e-04 3.918928721900742001e-04 3.039068626574621744e-04 1.037729483689159320e-04 -3.194913720168054711e-05 -9.856930970030530206e-05 -1.260431882277813966e-04 4.218501037675252067e-05 4.218501037675252067e-05 8.073023403059740300e-06 7.060793768082427808e-06 7.549260581286509662e-06 7.578880969318858222e-06 7.578880969318858222e-06 7.486162075177607739e-06 7.425712910007609255e-06 7.503010291134500521e-06 7.642998246794759280e-06 7.834966001103237400e-06 8.070223047678363806e-06 8.342586063620077583e-06 8.648159957459032525e-06 8.985052259935329667e-06 9.353210002157622821e-06 9.754426700430257185e-06 1.019253795137044092e-05 1.067382896965639519e-05 1.120766134737668819e-05 1.180714196185119872e-05 1.248867337193114632e-05 1.326463961844800118e-05 1.410274619280182801e-05 1.473176218574968649e-05 1.473176218574968649e-05 1.691161339306876106e-05 7.489857154539580601e-06 4.498266531897699515e-06
3.647601570382438428e-04 3.804583654026060901e-04 3.804583654026060901e-04 1.729975980394314909e-04 -9.672128424418808038e-05 -1.619696387320410883e-04 -1.263075030061967623e-04 8.210724833163663482e-06 8.210724833163663482e-06 7.836662837022806836e-06 7.092050792475473100e-06 7.245153105531741168e-06 7.301073431550135341e-06 7.304740859324554869e-06 7.314857891577323974e-06 7.362607725485623043e-06 7.457936076003971093e-06 7.600194162038735122e-06 7.784810919625194910e-06 8.006506784027174047e-06 8.260590396305111057e-06 8.543370650542931455e-06 8.852207381626825679e-06 9.185421511140230507e-06 9.542124662959953848e-06 9.921924183678350554e-06 1.032433272698920987e-05 1.074744514179633206e-05 1.118477471544761786e-05 1.161738568540958659e-05 1.199393481043583690e-05 1.218058996687876632e-05 1.218058996687876632e-05 1.184515946678019848e-05 1.026339027762783866e-05 6.526169291955450592e-06 4.405833528380996153e-06
3.209642931177408799e-04 3.697032371343685455e-04 3.697032371343685455e-04 2.951659933398975439e-04 -8.575303839459627619e-05 -2.868495695336946102e-04 -4.026586995207267502e-05 9.998036330552263046e-06 9.998036330552263046e-06 8.039260153815313287e-06 7.241963145519093029e-06 7.038613338235604477e-06 7.075518792025414208e-06 7.116870038992999958e-06 7.171319186691539920e-06 7.251924024352862790e-06 7.365932125357053638e-06 7.515031405730984711e-06 7.697576731331733020e-06 7.910402772500539718e-06 8.149898087029588598e-06 8.412524866781030997e-06 8.694985104888448558e-06 8.994143997816396013e-06 9.306726256591483671e-06 9.628701393393601068e-06 9.954132612825888725e-06 1.027301177737110927e-05 1.056712607273432308e-05 1.080215984382329465e-05 1.091312397100718495e-05 1.091312397100718495e-05 1.078051939749705112e-05 1.020489543686452955e-05 8.937532794470789949e-06 6.974404294655002315e-06 5.369573313705248399e-06
4.674003769844581671e-04 4.055829526491482951e-04 4.048841609202502101e-04 1.512088648661478888e-04 -2.308839357668141120e-04 -3.172304448371253568e-04 5.746471019353435472e-06 7.172239576630755059e-06 7.172239576630755059e-06 7.080378302167169011e-06 6.866336131973022006e-06 6.793625231466242720e-06 6.845904080743789313e-06 6.915901317930844894e-06 7.001624791842869622e-06 7.107837059876641637e-06 7.238836995340991423e-06 7.396422604196197682e-06 7.580061827470434666e-06 7.787629487613683535e-06 8.016074312531062756e-06 8.261845624663428122e-06 8.521064173329373831e-06 8.789443118646114188e-06 9.061934972195106230e-06 9.332022520479362339e-06 9.590484553549073960e-06 9.823343282128335361e-06 1.000855795429514347e-05 1.011100364614195694e-05 1.011100364614195694e-05 1.007588183227249274e-05 9.823468215237786343e-06 9.256370088710256532e-06 8.307441168735913781e-06 7.064341778487952809e-06 5.883217347644251764e-06
6.624477000214549008e-04 5.694673035885387900e-04 4.575694839609555759e-04 1.047175967830721045e-04 -4.190864228968059989e-04 2.431002942610901736e-06 4.729518978434935550e-06 5.864072654450353454e-06 6.243677346249313795e-06 6.360791282073490777e-06 6.430272490855449940e-06 6.508157430173964216e-06 6.598570981552799427e-06 6.699206360143386951e-06 6.811441602872538432e-06 6.938962427970007885e-06 7.085156191933783048e-06 7.251760188242797515e-06 7.438618486739773755e-06 7.643979037952458984e-06 7.864924050818081010e-06 8.097719146012829358e-06 8.337982845119082633e-06 8.580629331243397719e-06 8.819547993063031041e-06 9.046969162780086531e-06 9.252439798762465470e-06 9.421318843298206173e-06 9.532758816176017811e-06 9.557414954177029039e-06 9.557414954177029039e-06 9.455931496702913968e-06 9.181101542471553352e-06 8.689675534002762572e-06 7.971520013274166250e-06 7.092304302916961011e-06 6.197490943485747378e-06
9.714163277288745402e-04 8.180151815244986191e-04 5.358726286387786820e-04 -7.532051554655652627e-05 -2.809638112512071210e-04 5.136520129127807462e-06 5.136520129127807462e-06 5.310854716486542396e-06 5.669467146306352899e-06 5.902879159215900388e-06 6.069929453041939260e-06 6.210161016820970058e-06 6.341016055150266446e-06 6.470911538217342182e-06 6.605972831534223850e-06 6.751414857196796524e-06 6.911065156181294712e-06 7.086843470101596511e-06 7.278672893293305599e-06 7.484744126638633908e-06 7.701923706775615496e-06 7.926124063450674844e-06 8.152518729890948160e-06 8.375543368144983543e-06 8.588658506033611611e-06 8.783866338816154735e-06 8.950986635421941256e-06 9.076733476126019602e-06 9.143743512934300726e-06 9.143743512934300726e-06 9.129965857686543035e-06 9.009327657890514674e-06 8.755330923942262634e-06 8.349710491555855117e-06 7.796659047440540591e-06 7.135864476420418912e-06 6.434715754724644059e-06
1.335018511791797842e-03 1.158422842337568500e-03 3.977286798154250607e-04 -3.531955889132696539e-04 1.714901809039961513e-06 3.627346902690943487e-06 4.329223365249018304e-06 4.833349767865343855e-06 5.220457363273587253e-06 5.511328755441855037e-06 5.736405145275095302e-06 5.921541128917636617e-06 6.084420684009963434e-06 6.237450906041416943e-06 6.390123327850421549e-06 6.549659013101767223e-06 6.720846105492772374e-06 6.905875642688965346e-06 7.104485489693813687e-06 7.314400868532857398e-06 7.531902586195036645e-06 7.752334671123504569e-06 7.970424642849014351e-06 8.180366905412295164e-06 8.375676324109535126e-06 8.548851051029004953e-06 8.690906927983396268e-06 8.790884912849330403e-06 8.835515901749347518e-06 8.835515901749347518e-06 8.809377305743839809e-06 8.696082353230274686e-06 8.481184003851090125e-06 8.157176460838501804e-06 7.729541208510732752e-06 7.219778800600163569e-06 6.659044739367326726e-06
1.471370843476321397e-03 1.356301767549341003e-03 5.115563250879173393e-04 2.829889957054461692e-05 2.829889957054461692e-05 3.328742307347403196e-06 3.979667493114983788e-06 4.472863626452287605e-06 4.867683783480798917e-06 5.185573354003245475e-06 5.442821243698481036e-06 5.655177669564446525e-06 5.837674645930926753e-06 6.004348074087232486e-06 6.167410560724612759e-06 6.336251761866932754e-06 6.516784609999524695e-06 6.711327505467656789e-06 6.918992554259580915e-06 7.136471271603965682e-06 7.358951098348202150e-06 7.580887391999607532e-06 7.796478264969400991e-06 7.999823286545332542e-06 8.184828833963564198e-06 8.344954613206577931e-06 8.472905112633645578e-06 8.560383345538634457e-06 8.598057875470076683e-06 8.598057875470076683e-06 8.575945110308829772e-06 8.484440445435462706e-06 8.316146277393412855e-06 8.068270139436654483e-06 7.744550525163185483e-06 7.354664778102994967e-06 6.909226739402230078e-06
9.480291999453450838e-04 8.968114351880591625e-04 6.375131205020960739e-04 1.968459780273712381e-04 1.968459780273712381e-04 3.334623313078995125e-06 3.787840673410924504e-06 4.210753461348394012e-06 4.591840790193635724e-06 4.920459633392067141e-06 5.194128805951108041e-06 5.418673659710923805e-06 5.606752156061883302e-06 5.774856183651836270e-06 5.938919079094695186e-06 6.111152863641181748e-06 6.298713067171069746e-06 6.503657214921968361e-06 6.723685950273097567e-06 6.953540565275495010e-06 7.186543143593790473e-06 7.415785533557446083e-06 7.634777738483617350e-06 7.837619141836200257e-06 8.018861111992585885e-06 8.173233455200298587e-06 8.295375563805934693e-06 8.379685481201192091e-06 8.420387144283832104e-06 8.420387144283832104e-06 8.411904814585706108e-06 8.349588040808959122e-06 8.230690520851035335e-06 8.055207294351588939e-06 7.825725974601566059e-06 7.545103047247030085e-06 7.211201332378137372e-06
6.752887052039019096e-04 5.998230382095294869e-04 5.145834123915625112e-04 5.145834123915625112e-04 3.491217410453834567e-04 3.556174684977129589e-06 3.626318426101026510e-06 3.990468755336526621e-06 4.368466282553290451e-06 4.710295583420306427e-06 4.994560687003311702e-06 5.218636007265935481e-06 5.395804134954105572e-06 5.549405425363273221e-06 5.702256708361474379e-06 5.870727546431642212e-06 6.063257580121110360e-06 6.280902336776853175e-06 6.518553466635051214e-06 6.767461895631336381e-06 7.017895377193547698e-06 7.260933860153267880e-06 7.489228013571330592e-06 7.697014430323263556e-06 7.879763016970177159e-06 8.033742531796422796e-06 8.155678206188060413e-06 8.242595871176138411e-06 8.291900405879126028e-06 8.301698962941103484e-06 8.301698962941103484e-06 8.271316382363059746e-06 8.201820470850588695e-06 8.096142542517106657e-06 7.958043031644486834e-06 7.788820103905611677e-06 7.580537529007756036e-06
