outputs/five_years_ebb_vel.asc
ncols 259
nrows 149
xllcorner 0.0
yllcorner 0.0
cellsize 1.15722698403
[rows 17 to 33 of 149, columns 185 to 221 of 259]
1.418814830834071693e-03 1.429881096868112740e-03 1.544302977053844950e-03 2.043885822800268516e-03 1.748995532394770781e-03 5.287053369974249913e-03 5.620368979097165041e-03 2.871421975553783024e-03 1.255415928409579426e-03 2.387562703181731825e-05 1.721400207694360251e-05 1.524892084694897785e-05 1.437053301729262078e-05 1.646007003379600450e-05 3.490017295024424909e-05 2.557699675354001363e-05 2.002386588289360573e-05 1.123195686569567992e-05 9.714930611417156228e-06 8.630859136315711014e-06 7.847945383804783633e-06 7.270001635713061940e-06 6.839230023817677170e-06 6.519871871876414998e-06 6.286492679203244805e-06 6.119640752419733888e-06 6.003281957899844881e-06 5.921426118826277938e-06 5.855869680618016668e-06 5.790123877727585159e-06 5.718738408346364024e-06 5.636659666665039213e-06 5.518383192631483799e-06 5.328804993374242368e-06 5.084250963978596501e-06 4.803590784509567054e-06 4.501486137756703679e-06
1.298406329508007898e-03 1.321138578102332194e-03 1.378639142552855017e-03 1.773614678994197636e-03 1.748995532394770781e-03 3.462737486757824171e-03 5.620368979097165041e-03 2.615127494616411273e-03 1.255415928409579426e-03 4.996383968796423800e-04 1.248520874656448647e-04 1.334335211337034085e-05 9.901356593031384435e-06 -1.104789114357819219e-06 -2.485193413275230053e-05 -1.433541998441127988e-05 1.294301982774851585e-06 9.952045499825482470e-06 8.601837384415314273e-06 7.723597513423935570e-06 7.091640770631547216e-06 6.615260924363668648e-06 6.257367655894373292e-06 5.997655904942448990e-06 5.816926229407916153e-06 5.699325588734400301e-06 5.632870904806041857e-06 5.602983338462830543e-06 5.583873436005491111e-06 5.545969327752584688e-06 5.498189758254577920e-06 5.460662750375291346e-06 5.408249529058804988e-06 5.156891777205636568e-06 4.852726772953170683e-06 4.510827062271515766e-06 4.150616315033201692e-06
1.091986234634310764e-03 1.087990053598811855e-03 1.150143192998576060e-03 1.504076825734188732e-03 1.670865241097870078e-03 2.335872598269477050e-03 5.303651307561313595e-03 2.173109011914674000e-03 1.032915575125506382e-03 4.996383968796423800e-04 2.213125636131064197e-04 8.198439081485967461e-05 -6.864523230147813384e-05 -6.919121018995231197e-05 -3.312479711389464896e-05 -5.939368420366594640e-06 6.630891381363785914e-07 6.630891381363785914e-07 7.054243097423954496e-06 7.054243097423954496e-06 6.179759260933812027e-06 5.842033635215709929e-06 5.577323770453866075e-06 5.396457862591347320e-06 5.284230744751589151e-06 5.227864468304071087e-06 5.225892734127159468e-06 5.273762894213606978e-06 5.330671397188633344e-06 5.311690239022909871e-06 5.267388546544342672e-06 5.321754764263862027e-06 5.865208009475822365e-06 5.059988530177517297e-06 4.658937288357000812e-06 4.236374376590055024e-06 3.788770679713725724e-06
7.774259504016945094e-04 7.778253129385218848e-04 8.928559688020106357e-04 1.332256368392172648e-03 1.506252717578063834e-03 2.032788080961134714e-03 4.952310421063104220e-03 1.859147816977739162e-03 7.880664495312466721e-04 4.675159345384456515e-04 2.213125636131064197e-04 8.198439081485967461e-05 -6.864523230147813384e-05 -5.756616337080524399e-05 -1.524202120170187529e-05 -2.719579063571700805e-06 3.056241412879557001e-05 6.055730084358995185e-05 6.055730084358995185e-05 4.237211587454652365e-05 5.989037183496419387e-06 5.099338602135325886e-06 4.813435928113617863e-06 4.726621030217097972e-06 4.695674418702684926e-06 4.702008805602845744e-06 4.769072669184585911e-06 4.935504107075606352e-06 5.244528889179330863e-06 5.102731684605679830e-06 4.937919424635792171e-06 5.150718231076609302e-06 7.885988751679662550e-06 5.015875526088409133e-06 4.486659473706981572e-06 3.986962476017833375e-06 3.407243642115637664e-06
6.564135439913125047e-04 6.944430180987877597e-04 7.378803274022829135e-04 1.192122917404943565e-03 1.207673081179312224e-03 1.816553882867175682e-03 4.344958817060935730e-03 1.625266856965621506e-03 6.731409524323520846e-04 3.729348731196738416e-04 2.050166448498182679e-04 4.507783272372821117e-05 -8.655275506070374714e-05 -4.756817338076084831e-05 -5.839108486443337257e-06 -8.937859738028409769e-07 4.797010864894269013e-05 7.620391657234074632e-05 8.494991303161220488e-05 8.494991303161220488e-05 6.247043450871476468e-05 5.312566994767625394e-06 4.374305493473850674e-06 4.000915911460967088e-06 4.069837094239572754e-06 4.115423666220248576e-06 4.212885029932939605e-06 4.545821845392089116e-06 6.270976636561302610e-06 5.453732410906286733e-06 4.230839236316413214e-06 4.477990725931171557e-06 5.005170859017667303e-05 5.523607351075584333e-05 6.781046725930953525e-05 7.931100145318179971e-05 7.931100145318179971e-05
7.647476735577126176e-04 7.879965395868112222e-04 8.032491277558301323e-04 9.739241857357375893e-04 8.178788732824180232e-04 1.931896063595287460e-03 3.385625475665671961e-03 1.433986776475322349e-03 5.515385230298106142e-04 2.740576573343443678e-04 1.227222685355189302e-04 -2.877483310934797714e-05 -3.056610094417502784e-05 -1.835412522874129083e-05 -2.810718499740861093e-06 2.792414677213759781e-05 7.880232991257778857e-05 9.017193394985029229e-05 1.083422182777922852e-04 1.279414545288848674e-04 1.279414545288848674e-04 5.921947985019428460e-05 4.659128328187020905e-06 3.253197194714649982e-06 3.467334380574445059e-06 3.476963735105578180e-06 3.421221938935028786e-06 3.790369355380604582e-06 6.270976636561302610e-06 5.964600036921901676e-05 9.165017293942840791e-05 1.370774234914726457e-04 1.706222633966345480e-04 1.919737871730031720e-04 2.158615805402183002e-04 2.346326597509230819e-04 2.462860093785423964e-04
8.270042976725286606e-04 8.580924155052663390e-04 8.580924155052663390e-04 8.247271262282089089e-04 7.710436870445015961e-04 1.931896063595287460e-03 2.350443625298304258e-03 1.234557226493969689e-03 4.365241352009274767e-04 1.675372537717081207e-04 2.850803340564483305e-05 4.841247860300821094e-06 3.295865516051274720e-05 6.018673766085266477e-05 6.805912081818737069e-05 7.774200509471287522e-05 1.046475847466446220e-04 1.046475847466446220e-04 1.259891536617086991e-04 1.700877055180664127e-04 2.532538316929625966e-04 2.532538316929625966e-04 2.150460170190924755e-04 1.465937891881956799e-04 1.372511617412775886e-04 1.527402665486501270e-04 1.658846566787071386e-04 2.039843663567626796e-04 2.337518698583188710e-04 2.530026106633283907e-04 2.544487614139396572e-04 2.750493029207222266e-04 2.750493029207222266e-04 2.726172434825851771e-04 2.815285895749125643e-04 2.895409717704432715e-04 3.144144366366460582e-04
8.630117171923401380e-04 9.641017451399776922e-04 9.641017451399776922e-04 8.537528512622669964e-04 7.866409038354112626e-04 1.335883087205894581e-03 1.484562370822131716e-03 8.839171487295133115e-04 3.386449614095690132e-04 9.131386000015344567e-05 7.710006611708331546e-05 1.060242088456739496e-04 1.250741525621597121e-04 1.446141267736400829e-04 1.511272853267586714e-04 1.730498580427468423e-04 1.890780096783654712e-04 1.890780096783654712e-04 1.785997572951194786e-04 2.009696072905457927e-04 2.997028511364579150e-04 3.397538582891402648e-04 3.523383740198717689e-04 3.561242418289660124e-04 3.561242418289660124e-04 3.475289786230936371e-04 3.212127902375066439e-04 3.412850347720540337e-04 3.603053124918541707e-04 3.603053124918541707e-04 3.352540351241123850e-04 3.798663910466861600e-04 3.819645115144608785e-04 3.819645115144608785e-04 4.235554249714480529e-04 4.235554249714480529e-04 4.354625878588926535e-04
7.358748164984113853e-04 8.183960709552766909e-04 8.183960709552766909e-04 7.517240439854332981e-04 7.001726389666878192e-04 8.771882514583011128e-04 9.944113101689245650e-04 6.297562831351876918e-04 2.765896642009105710e-04 1.909296384061574478e-04 2.237614860654963116e-04 2.508448141243701450e-04 2.635876790550719610e-04 2.647379206142219774e-04 2.774491131211102770e-04 3.159357371425349902e-04 3.159357371425349902e-04 3.130379557051599809e-04 3.130379557051599809e-04 3.409234315239136905e-04 3.656524497240463078e-04 3.694181280843560479e-04 4.029355588291408841e-04 4.029355588291408841e-04 4.185862528404218647e-04 4.185862528404218647e-04 4.162992230159059471e-04 4.483166307885695797e-04 4.922228906934461405e-04 4.922228906934461405e-04 4.985452829325273194e-04 5.484635923461691955e-04 5.484635923461691955e-04 5.501242519054723185e-04 5.885000337306347607e-04 5.885000337306347607e-04 6.131293718789163506e-04
6.571012890168033242e-04 7.635495536848726670e-04 7.906298199490369941e-04 7.906298199490369941e-04 7.526681463173770081e-04 7.191798511360097826e-04 6.302264061550100216e-04 4.192727650187455025e-04 3.563333469860017989e-04 3.501442447020330917e-04 3.624969309407139145e-04 3.854089303199418042e-04 4.014986410699667211e-04 4.127366247559778275e-04 4.306821665193278888e-04 4.654602428062653337e-04 4.654602428062653337e-04 4.883864996859529298e-04 5.279176328681178636e-04 5.724158673112986814e-04 5.724158673112986814e-04 6.102980543455693895e-04 6.235178216453191383e-04 6.235178216453191383e-04 6.251552298816789735e-04 6.251552298816789735e-04 6.395800188426641357e-04 6.507391402123020602e-04 6.705686675860996490e-04 6.705686675860996490e-04 6.735823515460161908e-04 7.020255905907521942e-04 7.142000005131796808e-04 7.421333556164857667e-04 7.711126800694821865e-04 7.756648645613649015e-04 8.065310844043281245e-04
6.658062063625913097e-04 7.904821726471564572e-04 8.548002961970505714e-04 8.548002961970505714e-04 7.915532253147169323e-04 7.915532253147169323e-04 7.046031624621373196e-04 5.377158193144721942e-04 5.179906820562235311e-04 5.118085460569601636e-04 5.012889406643442850e-04 5.069840017963695138e-04 5.132582543019298263e-04 5.243640075312177651e-04 5.346726087942666600e-04 5.548813869579393397e-04 5.817432885574709035e-04 6.738315017287772922e-04 7.276476042893509745e-04 7.676418878712723852e-04 7.856989666688722661e-04 8.434984372305165835e-04 8.585513837863256769e-04 8.585513837863256769e-04 8.773687250884701751e-04 8.929375636289239209e-04 9.189377982211736082e-04 9.238504881211938953e-04 9.238504881211938953e-04 9.197983653682183106e-04 9.286310145399204489e-04 9.286310145399204489e-04 9.398782170080985593e-04 9.525918478015065437e-04 9.872129657803071882e-04 9.926219878491628849e-04 1.024108280783671840e-03
7.016236201629145802e-04 6.251213427567810406e-04 6.301177198157634435e-04 6.301177198157634435e-04 6.230380669875913843e-04 5.809618473363327819e-04 6.548066663396511725e-04 6.548066663396511725e-04 6.544936479245483472e-04 6.473225958682183537e-04 6.337502477908241909e-04 6.272594082023635323e-04 6.366944013616998837e-04 6.399166668638275358e-04 6.399166668638275358e-04 6.477075489211053718e-04 6.652480284766897674e-04 7.461105113319844821e-04 8.176240484686577749e-04 8.758976509117322217e-04 8.974886817490887111e-04 9.467335887791124369e-04 9.659895401555898499e-04 9.659895401555898499e-04 9.862268899864449871e-04 1.020625228181347346e-03 1.081370005739358325e-03 1.113976598326508593e-03 1.132296467007139640e-03 1.149790860642336838e-03 1.172268211232032698e-03 1.172268211232032698e-03 1.192233471084840849e-03 1.213989934189168033e-03 1.239097713656661095e-03 1.246155089202171350e-03 1.295646222873000344e-03
7.538237791213567686e-04 7.281843266900515227e-04 7.882029859377396534e-04 8.490585157803180608e-04 8.490585157803180608e-04 8.267717164946332799e-04 8.916409641114810469e-04 8.916409641114810469e-04 8.174185631810522348e-04 7.567455748358905502e-04 7.283754395748089170e-04 7.242841482008157208e-04 7.354950642158439777e-04 7.499218594245003885e-04 7.559133784792015226e-04 7.773457552006577927e-04 7.773457552006577927e-04 8.289154940488218737e-04 8.639610171993367940e-04 9.169346572922436366e-04 9.395788200101298348e-04 9.964020344771170896e-04 1.006290344904339643e-03 1.006290344904339643e-03 1.017136310972619265e-03 1.033462502644809638e-03 1.090131987936975759e-03 1.147536167982158998e-03 1.212351699043799592e-03 1.255712611989646650e-03 1.306475320696737913e-03 1.306475320696737913e-03 1.352704963409376944e-03 1.385219350162518806e-03 1.390310660116012920e-03 1.406308838430975466e-03 1.436679042642236698e-03
6.424443121642865436e-04 6.208711462814754840e-04 6.329689447207778727e-04 6.657291669189973910e-04 6.657291669189973910e-04 6.422375013925093632e-04 5.991499399189535334e-04 5.335945344376514425e-04 7.258189065387142492e-04 7.799168803534918927e-04 7.950707861158826106e-04 7.950707861158826106e-04 8.193773279931557867e-04 8.307750488060935664e-04 8.580522644899416570e-04 9.055435641700558059e-04 9.181835302921966977e-04 9.621896881011360878e-04 9.621896881011360878e-04 9.846493544611559408e-04 1.003870756387291148e-03 1.039942761278773824e-03 1.046925061532614923e-03 1.057771495640337685e-03 1.060825187606922668e-03 1.077176934010881226e-03 1.123812765877555894e-03 1.165956037195204709e-03 1.209217096878990785e-03 1.258736001566492912e-03 1.332948045162462777e-03 1.344573977172629003e-03 1.397728178127578000e-03 1.432534998378228461e-03 1.432534998378228461e-03 1.443495392832108573e-03 1.496720309075060462e-03
5.702396319795737618e-04 5.405691320432553116e-04 5.424097014615393434e-04 5.911619998485023730e-04 5.911619998485023730e-04 6.068347742361180318e-04 5.569225955033984968e-04 6.763609360617850322e-04 7.431594333215744410e-04 8.001563296833729419e-04 8.748965984172454510e-04 8.748965984172454510e-04 8.828114315138957434e-04 9.075840149774444315e-04 9.387991444109241180e-04 9.882460768576390928e-04 1.032852362931401414e-03 1.096947066096526065e-03 1.121172103569201750e-03 1.146429715677209794e-03 1.146429715677209794e-03 1.172991363939985968e-03 1.192772226233286157e-03 1.192772226233286157e-03 1.188952060397041816e-03 1.155721562630239018e-03 1.166338256169150182e-03 1.187113212735889291e-03 1.207754025065663206e-03 1.235704555842434592e-03 1.272077565143353052e-03 1.272077565143353052e-03 1.330840255225628193e-03 1.419337373986160949e-03 1.419337373986160949e-03 1.450313575035129705e-03 1.495457173504006901e-03
6.930109962787765797e-04 6.054836343948805707e-04 5.640041542720247367e-04 6.354634521509377413e-04 6.666170735158958357e-04 6.666170735158958357e-04 4.980849899431710401e-04 4.985949277106556821e-04 4.985949277106556821e-04 4.406812956452741629e-04 7.233650106930087720e-04 7.926136537713763999e-04 9.185459113633980465e-04 1.001125722571343966e-03 1.035832533674237600e-03 1.074310913377476496e-03 1.112601017264637808e-03 1.183315536573183993e-03 1.225744074090914576e-03 1.263123607389812384e-03 1.264875741551850031e-03 1.275476979062438324e-03 1.275476979062438324e-03 1.275021925760926999e-03 1.249132303820734216e-03 1.203397910307293884e-03 1.170459070068557289e-03 1.170459070068557289e-03 1.166107286974959632e-03 1.170908105175048159e-03 1.186333130313324720e-03 1.190992213477386685e-03 1.267608338205678019e-03 1.370367607200892587e-03 1.396351974219124529e-03 1.518180042411775964e-03 1.552525723857229928e-03
5.850496229919389902e-04 5.565840211915998488e-04 5.515133529292957091e-04 6.149096110885868141e-04 6.149096110885868141e-04 5.914637905304235372e-04 5.332744060251516822e-04 4.767479565814663491e-04 4.767479565814663491e-04 4.410628637111404637e-04 4.751634907610198391e-04 7.589212845937006770e-04 9.761267755212598525e-04 1.113966165453126548e-03 1.113966165453126548e-03 1.150890047277549396e-03 1.187291826867149227e-03 1.234945055627013509e-03 1.293696080273690902e-03 1.342207085746976352e-03 1.348598102042143513e-03 1.348598102042143513e-03 1.318552227897394277e-03 1.302804908754347452e-03 1.248769856235786751e-03 1.200965068423094683e-03 1.196613779044881573e-03 1.196613779044881573e-03 1.196299227177573905e-03 1.183779819838594403e-03 1.213335083282780476e-03 1.221684434467885071e-03 1.270289114867042277e-03 1.344931042745549669e-03 1.360757872837085793e-03 1.463945059585081577e-03 1.484655286475178304e-03
