outputs/five_years_ebb_vel.asc
ncols 259
nrows 149
xllcorner 0.0
yllcorner 0.0
cellsize 1.15722698403
[rows 85 to 101 of 149, columns 185 to 221 of 259]
1.281795457185602380e-03 1.406948824078751731e-03 1.494731687722884944e-03 1.594069662500816617e-03 1.607929827009213193e-03 1.623680218103014990e-03 1.623680218103014990e-03 1.615110783237642391e-03 1.615110783237642391e-03 1.549974784000072948e-03 1.467975620359741711e-03 1.333990010477458053e-03 1.182355429191250199e-03 1.031955186443055420e-03 9.660103088840938691e-04 9.239447647372538847e-04 8.872321227607413022e-04 8.565552605715328303e-04 8.282380974036703284e-04 8.075945908145908472e-04 7.954566282756543160e-04 7.854841388592840191e-04 7.848357879727838136e-04 7.677796922986773786e-04 7.791253748975205578e-04 7.791253748975205578e-04 6.858923686941049893e-04 6.315526246670042807e-04 6.218278559661261388e-04 6.460727153884047958e-04 6.781930829902055313e-04 6.781930829902055313e-04 6.804592201416781189e-04 6.985780459207271195e-04 7.297805169256113339e-04 7.841574590334408771e-04 7.853505338167941340e-04
1.337705241061749352e-03 1.414008710171561333e-03 1.504046207716974682e-03 1.590907325265574586e-03 1.610044939578242395e-03 1.650179716905692678e-03 1.688544313843258395e-03 1.764120273929039489e-03 1.764120273929039489e-03 1.611920891005722738e-03 1.447433418559283076e-03 1.308501352619256385e-03 1.186504888563937174e-03 1.054985421125555255e-03 9.867745056952191476e-04 9.268216702064092320e-04 8.826932663797935896e-04 8.540741720788081479e-04 8.285947464408983379e-04 8.085537355799403240e-04 7.990021647248835186e-04 7.915047084039120856e-04 7.884429098967418118e-04 7.783064494034867397e-04 7.847196161092303852e-04 7.847196161092303852e-04 7.280949632105023373e-04 6.760533044492282248e-04 6.382817966855119235e-04 6.525128060648585811e-04 6.989565466304817993e-04 6.989565466304817993e-04 6.761418150512632464e-04 6.940856970330635308e-04 7.356064906352680673e-04 7.732930241089989607e-04 7.898220342204531055e-04
1.473073458348446961e-03 1.473073458348446961e-03 1.459774227821078029e-03 1.579358654092832956e-03 1.752817665394037876e-03 1.957313086128852336e-03 2.100007688696699584e-03 2.193840680497306794e-03 2.193840680497306794e-03 1.933293844380420392e-03 1.584686673267446215e-03 1.365133075910663751e-03 1.176885692630252108e-03 1.056713718569455597e-03 9.912806532223034876e-04 9.226224573295812182e-04 8.700182366819815940e-04 8.353279475562399269e-04 8.150910752996381537e-04 8.040685611980169989e-04 8.016257357141261600e-04 7.931136728925713281e-04 7.922179404100509461e-04 7.860212825879181551e-04 8.017634056420237017e-04 8.017634056420237017e-04 7.643044812538541972e-04 7.227822232331360163e-04 6.742332422113098134e-04 6.681185706698570615e-04 6.751701263256398378e-04 6.751701263256398378e-04 6.503744194406416200e-04 6.961401194288137752e-04 7.346126383304122298e-04 7.676293289395245229e-04 7.855831082884519529e-04
1.586568094645244772e-03 1.586568094645244772e-03 1.555264842378329196e-03 1.703798074571822533e-03 1.893792938792106815e-03 2.138855506408912036e-03 2.409065276613788897e-03 2.492932265487205791e-03 2.492932265487205791e-03 2.229113210952055751e-03 1.765255554689711560e-03 1.484413888280821259e-03 1.259214750268652146e-03 1.118227502103204133e-03 1.011779424572920635e-03 9.236032660910678538e-04 8.526481919365681058e-04 8.114672830301169907e-04 7.939696961239819722e-04 7.928190364619792149e-04 7.928190364619792149e-04 7.906658949178762066e-04 7.906658949178762066e-04 7.892715591894943232e-04 8.085952882381845742e-04 8.085952882381845742e-04 7.889352702811829000e-04 7.663757219334167139e-04 7.684537782806583409e-04 7.750095513979788232e-04 7.750095513979788232e-04 6.511197346880088057e-04 6.610780312129968701e-04 6.980485028790264475e-04 7.297728600690676741e-04 7.577820689198978138e-04 7.705540337492970942e-04
1.519944397863648130e-03 1.593090719873531142e-03 1.594271798303266777e-03 1.714049984847948243e-03 1.908483562731925392e-03 2.124493042442155560e-03 2.320587587554386044e-03 2.365793446624255090e-03 2.365793446624255090e-03 2.212019296177995288e-03 1.804991509586669667e-03 1.522702763069556237e-03 1.359502728237127782e-03 1.139565084729248726e-03 9.914826947303773032e-04 8.950770489970904381e-04 8.266270457567705772e-04 7.886793178934778468e-04 7.679875508117027039e-04 7.659620206599174847e-04 7.697761041199134395e-04 7.775645672053356624e-04 7.800450216523434821e-04 7.858665357729073498e-04 8.016553372297587337e-04 8.016553372297587337e-04 7.954661151415917805e-04 7.907917064976250493e-04 8.589294005962354664e-04 8.589294005962354664e-04 7.563517523969250870e-04 7.013055644500147722e-04 6.763243787542855961e-04 7.016642533613810925e-04 7.278069162653632825e-04 7.527636941465393368e-04 7.553713519347480696e-04
1.270457289291803413e-03 1.270457289291803413e-03 1.273101736550757025e-03 1.370761061814877941e-03 1.546705372967188599e-03 1.728650224404088605e-03 1.891241890101226335e-03 1.924441571479122747e-03 1.924441571479122747e-03 1.846594944214166503e-03 1.491391052971916681e-03 1.470709922646959867e-03 1.470709922646959867e-03 1.145408696399620365e-03 9.469928716037237819e-04 8.564501543643705979e-04 7.983812009120699925e-04 7.615699835780497624e-04 7.413357969174492156e-04 7.398849246477715502e-04 7.484923504664687957e-04 7.586080269584419061e-04 7.658420408913069188e-04 7.739893274020983715e-04 7.860137491780437233e-04 7.878603291515799429e-04 7.891573165875911781e-04 7.921400262487149953e-04 8.325867072481675426e-04 8.325867072481675426e-04 7.818252106180124950e-04 7.356425396698850622e-04 7.022743673297340318e-04 7.080795605287057209e-04 7.271499233905161360e-04 7.522694461698788918e-04 7.522694461698788918e-04
1.437196097574279996e-03 1.219434527737605061e-03 1.064511703013413298e-03 1.006634534043201329e-03 1.135957426865280041e-03 1.287926624750452328e-03 1.390788360894040353e-03 1.390788360894040353e-03 1.386599536451331785e-03 1.335289739740307341e-03 9.916830228116405282e-04 7.137309883048529799e-04 8.327928810804435811e-04 8.327928810804435811e-04 8.194152518844205349e-04 7.864945766659447004e-04 7.556396766320466231e-04 7.252137762479978975e-04 7.125378329781445344e-04 7.191867147911968489e-04 7.279615386429403147e-04 7.380839243729974720e-04 7.484184564961244733e-04 7.590765489687921041e-04 7.707123904399204150e-04 7.778147516659302809e-04 7.847508921707743983e-04 7.930887862714682424e-04 8.273008089163884056e-04 8.273008089163884056e-04 7.961984101539593215e-04 7.624498054817130171e-04 7.294661092002766543e-04 7.189107059298089795e-04 7.315026994693798546e-04 7.728871349141791004e-04 7.728871349141791004e-04
1.556548072533189353e-03 1.207923647865930027e-03 9.271257295972920847e-04 7.641878378647188426e-04 8.660506286213689791e-04 9.530564005380224310e-04 9.992702271858283289e-04 9.992702271858283289e-04 9.766243992115032028e-04 9.368092447083969194e-04 6.775880110852039537e-04 5.143982371810769741e-04 5.902274993064100458e-04 6.748937361355111407e-04 6.849978150951686754e-04 6.849978150951686754e-04 6.737453100362040745e-04 6.763846657874258766e-04 6.879858440185545980e-04 6.981940174371965065e-04 7.081709052999174327e-04 7.188004157800566675e-04 7.305769524673221688e-04 7.431349583335690803e-04 7.554566116532104468e-04 7.662346676533558559e-04 7.777388846387294982e-04 7.916556574243625031e-04 8.225598421515818107e-04 8.225598421515818107e-04 8.063378106813563154e-04 7.861593675415741401e-04 7.615496284529823991e-04 7.373801461076253923e-04 7.389947850853815581e-04 7.460619822578895121e-04 7.460619822578895121e-04
1.466555446643999375e-03 1.107141816320159761e-03 7.761109309479281154e-04 6.185942735708236349e-04 7.753663880431946797e-04 8.753217921140841540e-04 8.867596464091125280e-04 8.867596464091125280e-04 8.125558636830225228e-04 7.379285512442895810e-04 5.493291579446791303e-04 4.271070195077786139e-04 4.791265357799422424e-04 5.858036933569160188e-04 5.996784521901413157e-04 6.004220748128217145e-04 6.205373628875520374e-04 6.442001366701962566e-04 6.613761467229732670e-04 6.748173080278174188e-04 6.885618756213915522e-04 7.001942199388693205e-04 7.134038883270576786e-04 7.269028318264210854e-04 7.396903741163641773e-04 7.530010754513670468e-04 7.674729141198003085e-04 7.841792415544491602e-04 8.094688683799537016e-04 8.094688683799537016e-04 8.067200970360348345e-04 8.009378050598336225e-04 7.929805175632368298e-04 8.345052797282316061e-04 8.471977164874196871e-04 8.471977164874196871e-04 7.241123070931694246e-04
1.371940616191212516e-03 1.000923985390499149e-03 6.776592498849519754e-04 4.873352529267826355e-04 6.565836696722378817e-04 8.140576088065777172e-04 8.140576088065777172e-04 8.123475396172331062e-04 7.488621630398319476e-04 6.144562826390394380e-04 4.668935315790360150e-04 3.618931156083607880e-04 3.598221597076322492e-04 4.352256383301797513e-04 4.910385795596893671e-04 5.310225538176766404e-04 5.924371373724569628e-04 6.179346976088772366e-04 6.334290971410569404e-04 6.502434672324919557e-04 6.681308171779868060e-04 6.812342751220286374e-04 6.962461895225000984e-04 7.107773680594721161e-04 7.238993783199404409e-04 7.387922341684371877e-04 7.544008454701715350e-04 7.710148588126052201e-04 7.897308549834572856e-04 7.968710397840590709e-04 8.019096587811051433e-04 8.086604765265644097e-04 8.230821936364025307e-04 9.140351895167516836e-04 9.140351895167516836e-04 8.190111321747602004e-04 7.665349595696269126e-04
1.432607026451783276e-03 9.431144191257563418e-04 6.799122977961385159e-04 5.318592893835052005e-04 6.139971469573759794e-04 7.508468305669177599e-04 8.615114958303736383e-04 8.615114958303736383e-04 7.150139712534668871e-04 5.566168860447493014e-04 4.402819151110559919e-04 3.267385589233640000e-04 3.193005811590776850e-04 3.880367145434388725e-04 4.497568544442563914e-04 5.156476193401771709e-04 5.634422764217527193e-04 5.790557989341368157e-04 6.112454206830711216e-04 6.285838275938878924e-04 6.481228886341370860e-04 6.627221122228885630e-04 6.793562399730221314e-04 6.949579502265382496e-04 7.083541100823358399e-04 7.240991777051974205e-04 7.399067424703923779e-04 7.555276780695858096e-04 7.702873207621849672e-04 7.819052211608494563e-04 7.919738608239704431e-04 8.024980906780810512e-04 8.148847910103689538e-04 8.661718924782368196e-04 8.661718924782368196e-04 8.242262812609659666e-04 7.861925857714349491e-04
1.881540020168775192e-03 7.852092973981704719e-04 7.852092973981704719e-04 7.397338789426476276e-04 6.385668885894525866e-04 7.222851353262408009e-04 7.697209346668020674e-04 7.697209346668020674e-04 6.492277814375214040e-04 5.444699347958245226e-04 4.383667998697452373e-04 3.653656270844897317e-04 3.665972144818256109e-04 4.206450954352125029e-04 4.779400224703203581e-04 5.154791967446748077e-04 5.413479780895457359e-04 5.556548457308359929e-04 5.811721990629743545e-04 6.099169923681351012e-04 6.292838591475490148e-04 6.450441805128975976e-04 6.629058477721491227e-04 6.792424688352170000e-04 6.932031384341426046e-04 7.094333007959138749e-04 7.252703093507348884e-04 7.404215320980994186e-04 7.543122625749636547e-04 7.681781691285558900e-04 7.811092546863427537e-04 7.940253886536367952e-04 8.074150801646172611e-04 8.471541473195992556e-04 8.471541473195992556e-04 8.243063060209091528e-04 7.985634755170641650e-04
3.075245122262900647e-03 1.195268785224991130e-03 1.085202567865008877e-03 1.041161033175728957e-03 9.241538940470417351e-04 8.087129603003712910e-04 7.041002726383912853e-04 6.868306459075953488e-04 6.078993925004758754e-04 5.315318775450180062e-04 4.990031363316769922e-04 4.966977765237172264e-04 4.645558106549049792e-04 5.209105827469259894e-04 5.451385557864303578e-04 5.451385557864303578e-04 5.397803624085134762e-04 5.429294907071850014e-04 5.661333917839931826e-04 5.885388251730965144e-04 6.106925588527326726e-04 6.288868222726118123e-04 6.473999663100848999e-04 6.639981254566170539e-04 6.785037847058566140e-04 6.951112797010172229e-04 7.109707446827647848e-04 7.259872138239026893e-04 7.397929298726788234e-04 7.550351094336246347e-04 7.698415001252107261e-04 7.847549829482257724e-04 8.005760325920398528e-04 8.340459838661288140e-04 8.340459838661288140e-04 8.225896087114322602e-04 8.070102728703237079e-04
2.918960552659372650e-03 2.286132957385082851e-03 1.464310718965387359e-03 1.219534547884521805e-03 1.029163854975073417e-03 8.823699486926558271e-04 7.000264070735962626e-04 6.163767689351256100e-04 6.541838598629011719e-04 7.227176234276454442e-04 7.227176234276454442e-04 6.350025519358261069e-04 5.707854768157332500e-04 6.239398930324489920e-04 6.285907512658492780e-04 6.285907512658492780e-04 5.724483759788333856e-04 5.370785505444770555e-04 5.537012071579626351e-04 5.739670953052484906e-04 5.920073585128335413e-04 6.165397129581531681e-04 6.332522255388421065e-04 6.493893768365493775e-04 6.643350990498394582e-04 6.812023961194537541e-04 6.969644124876874566e-04 7.118897885046553955e-04 7.260307425161081820e-04 7.420807447426794150e-04 7.580267996815734247e-04 7.743214895862705199e-04 7.922256487968768173e-04 8.209940743514549180e-04 8.209940743514549180e-04 8.189172321780602585e-04 8.131661712900572657e-04
4.662200116613615490e-03 4.662200116613615490e-03 3.969156647682892287e-03 3.478214592094985326e-03 3.186824714951820396e-03 2.755202148509782161e-03 2.277254080233429533e-03 1.915651294188627221e-03 1.627632867786423833e-03 1.249858490251468503e-03 9.379317426730259715e-04 7.683295477153152635e-04 6.802236974440063928e-04 6.660988977043343215e-04 6.660988977043343215e-04 6.271149027945950626e-04 5.633724344259952036e-04 5.260755883578031042e-04 5.428431533861041583e-04 5.624067204890382176e-04 5.803614394987200191e-04 6.009849258026579970e-04 6.188472816763214337e-04 6.350419847674445986e-04 6.507143273590773906e-04 6.677540508998007626e-04 6.832586805160830020e-04 6.980176390777635773e-04 7.124913799381481011e-04 7.289863235184925296e-04 7.453880109503734606e-04 7.620598805866951857e-04 7.802147723933262674e-04 8.035452153074708727e-04 8.095336875459989510e-04 8.126714470819978867e-04 8.138881927689838513e-04
4.311917365651807624e-03 4.311917365651807624e-03 3.818295292255142158e-03 3.581345148561572433e-03 3.431773949805672855e-03 3.047734210322583428e-03 2.605992914628274277e-03 2.159019868903003236e-03 1.783929198162924725e-03 1.383364037840521723e-03 1.060633161077022225e-03 8.693564083448675249e-04 7.628168139416868733e-04 7.162579146147272533e-04 6.544725332264994316e-04 5.533958580413601142e-04 4.978816870154949888e-04 5.131038682696914934e-04 5.336194730234478188e-04 5.523359675551342551e-04 5.685844540340225265e-04 5.884785500298036305e-04 6.050911125437761487e-04 6.207977353843658957e-04 6.381295972554429938e-04 6.549046538095863214e-04 6.697922679785535188e-04 6.842109366275424352e-04 6.989294635360901974e-04 7.155824563208361324e-04 7.318981090199450134e-04 7.481249353482181171e-04 7.650110892784071611e-04 7.830619590780599605e-04 7.947818840235281465e-04 8.040178060953465837e-04 8.128287851007546215e-04
2.218639122962199998e-03 3.203796414495479680e-03 3.275979932385863873e-03 3.275979932385863873e-03 3.191951500166421464e-03 2.904616586145665480e-03 2.560471326343203256e-03 2.159316225119393712e-03 1.793624355685942027e-03 1.427188671934747017e-03 1.118763828997363209e-03 9.295044598011279954e-04 8.046417513479837578e-04 7.174020516709378329e-04 6.586651708191587412e-04 5.203064026424409835e-04 4.650441105645889122e-04 4.918596134120466158e-04 5.274315566015318722e-04 5.424684198418403816e-04 5.579553369987021172e-04 5.774723641429852861e-04 5.916826793536636604e-04 6.045823665235441468e-04 6.285029742414429115e-04 6.425793157055706287e-04 6.563560006658797612e-04 6.702947800532455111e-04 6.852268351208746231e-04 7.018734174691105979e-04 7.178091930662929042e-04 7.332787697961239484e-04 7.487344504812420759e-04 7.641489337512631349e-04 7.781455789208925047e-04 7.904952791773724088e-04 8.023520028632215870e-04
