outputs/five_years_topographic__elevation.asc
ncols 259
nrows 149
xllcorner 0.0
yllcorner 0.0
cellsize 1.15722698403
[rows 112 to 127 of 149, columns 185 to 221 of 259]
-1.845457553863525391e+00 -2.321547031402587891e+00 -2.709669351577758789e+00 -2.773829460144042969e+00 -3.384788990020751953e+00 -3.974797248840332031e+00 -4.186718463897705078e+00 -4.258338928222656250e+00 -4.232147693634033203e+00 -4.301742553710937500e+00 -4.229645729064941406e+00 -4.234346866607666016e+00 -4.215925693511962891e+00 -4.228548049926757812e+00 -4.199064731597900391e+00 -4.183143615722656250e+00 -4.167458057403564453e+00 -4.145730018615722656e+00 -4.107269763946533203e+00 -4.243780136108398438e+00 -4.258558273315429688e+00 -4.276704788208007812e+00 -4.304600715637207031e+00 -4.341223239898681641e+00 -4.361616134643554688e+00 -4.397747516632080078e+00 -4.470785617828369141e+00 -4.391546726226806641e+00 -4.412683963775634766e+00 -4.430102348327636719e+00 -4.456105232238769531e+00 -4.482754230499267578e+00 -4.492028713226318359e+00 -4.444935798645019531e+00 -4.452149391174316406e+00 -4.462673187255859375e+00 -4.475821971893310547e+00
-1.947939157485961914e+00 -2.393766403198242188e+00 -2.708237409591674805e+00 -2.821579933166503906e+00 -3.490833044052124023e+00 -4.120211124420166016e+00 -4.384934902191162109e+00 -4.276664257049560547e+00 -4.258338928222656250e+00 -4.260683059692382812e+00 -4.258422374725341797e+00 -4.252768039703369141e+00 -4.242449760437011719e+00 -4.223194599151611328e+00 -4.216727256774902344e+00 -4.201186656951904297e+00 -4.191722393035888672e+00 -4.174319744110107422e+00 -4.221091270446777344e+00 -4.222883224487304688e+00 -4.232371807098388672e+00 -4.247034549713134766e+00 -4.278915882110595703e+00 -4.318517208099365234e+00 -4.330349445343017578e+00 -4.327994346618652344e+00 -4.354087829589843750e+00 -4.381522655487060547e+00 -4.405734062194824219e+00 -4.423854827880859375e+00 -4.451815605163574219e+00 -4.481825351715087891e+00 -4.492309570312500000e+00 -4.436176776885986328e+00 -4.445339679718017578e+00 -4.457497119903564453e+00 -4.473638057708740234e+00
-2.242917537689208984e+00 -2.593860387802124023e+00 -2.994700193405151367e+00 -3.508090496063232422e+00 -3.979339599609375000e+00 -4.311530590057373047e+00 -4.272225379943847656e+00 -4.384934902191162109e+00 -4.286757469177246094e+00 -4.285361289978027344e+00 -4.264076232910156250e+00 -4.301742553710937500e+00 -4.251579284667968750e+00 -4.235312461853027344e+00 -4.227675437927246094e+00 -4.213633060455322266e+00 -4.205400943756103516e+00 -4.189139366149902344e+00 -4.218515396118164062e+00 -4.216221809387207031e+00 -4.219860553741455078e+00 -4.232021331787109375e+00 -4.268244743347167969e+00 -4.325092315673828125e+00 -4.341572284698486328e+00 -4.320625305175781250e+00 -4.339344501495361328e+00 -4.368522644042968750e+00 -4.396986961364746094e+00 -4.415598869323730469e+00 -4.445603847503662109e+00 -4.480304241180419922e+00 -4.492567539215087891e+00 -4.426688671112060547e+00 -4.438267707824707031e+00 -4.451916694641113281e+00 -4.471140861511230469e+00
-2.524598598480224609e+00 -2.892309427261352539e+00 -3.495368957519531250e+00 -4.049396038055419922e+00 -4.287362098693847656e+00 -4.192744255065917969e+00 -4.311530590057373047e+00 -4.280047893524169922e+00 -4.314771652221679688e+00 -4.306645870208740234e+00 -4.258338928222656250e+00 -4.273908138275146484e+00 -4.268375396728515625e+00 -4.248626232147216797e+00 -4.245963573455810547e+00 -4.228974342346191406e+00 -4.228548049926757812e+00 -4.221577167510986328e+00 -4.215515613555908203e+00 -4.208286285400390625e+00 -4.207498550415039062e+00 -4.214489459991455078e+00 -4.253240585327148438e+00 -4.337760925292968750e+00 -4.359099388122558594e+00 -4.306431293487548828e+00 -4.324559211730957031e+00 -4.354872703552246094e+00 -4.385299205780029297e+00 -4.403817653656005859e+00 -4.435648441314697266e+00 -4.477486133575439453e+00 -4.492813587188720703e+00 -4.416014194488525391e+00 -4.433655738830566406e+00 -4.447867393493652344e+00 -4.468259334564208984e+00
-2.738218307495117188e+00 -3.164354085922241211e+00 -3.944235324859619141e+00 -4.370933055877685547e+00 -4.235897064208984375e+00 -4.287362098693847656e+00 -4.263385772705078125e+00 -4.293387889862060547e+00 -4.322896957397460938e+00 -4.384934902191162109e+00 -4.290285587310791016e+00 -4.287314414978027344e+00 -4.281542301177978516e+00 -4.262966156005859375e+00 -4.265653610229492188e+00 -4.242449760437011719e+00 -4.233210086822509766e+00 -4.217981338500976562e+00 -4.207147598266601562e+00 -4.190690517425537109e+00 -4.176198482513427734e+00 -4.154114723205566406e+00 -4.107269763946533203e+00 -4.266488075256347656e+00 -4.275843143463134766e+00 -4.287894725799560547e+00 -4.305253028869628906e+00 -4.336335182189941406e+00 -4.368628025054931641e+00 -4.385133266448974609e+00 -4.416207790374755859e+00 -4.470166683197021484e+00 -4.391656398773193359e+00 -4.408648014068603516e+00 -4.428328037261962891e+00 -4.443029880523681641e+00 -4.464659690856933594e+00
-3.440333843231201172e+00 -3.918040275573730469e+00 -4.382121086120605469e+00 -4.232429981231689453e+00 -4.370933055877685547e+00 -4.272070884704589844e+00 -4.280971527099609375e+00 -4.263878822326660156e+00 -4.311530590057373047e+00 -4.302084922790527344e+00 -4.303111076354980469e+00 -4.303705692291259766e+00 -4.300183296203613281e+00 -4.274719238281250000e+00 -4.301742553710937500e+00 -4.259122371673583984e+00 -4.247481346130371094e+00 -4.231814861297607422e+00 -4.223795413970947266e+00 -4.208374977111816406e+00 -4.197826385498046875e+00 -4.181729316711425781e+00 -4.246993064880371094e+00 -4.251680374145507812e+00 -4.258296489715576172e+00 -4.269284725189208984e+00 -4.287794113159179688e+00 -4.320251941680908203e+00 -4.355614185333251953e+00 -4.369880676269531250e+00 -4.398842334747314453e+00 -4.470785617828369141e+00 -4.378204822540283203e+00 -4.399740695953369141e+00 -4.422026634216308594e+00 -4.437076091766357422e+00 -4.459980010986328125e+00
-3.738361358642578125e+00 -4.310053348541259766e+00 -4.274770736694335938e+00 -4.382121086120605469e+00 -4.306284904479980469e+00 -4.313279151916503906e+00 -4.298064231872558594e+00 -4.287362098693847656e+00 -4.301178932189941406e+00 -4.303245544433593750e+00 -4.302379608154296875e+00 -4.316519737243652344e+00 -4.316639900207519531e+00 -4.258338928222656250e+00 -4.274186611175537109e+00 -4.270246982574462891e+00 -4.258685588836669922e+00 -4.241942882537841797e+00 -4.234918117523193359e+00 -4.218024253845214844e+00 -4.207695960998535156e+00 -4.189139366149902344e+00 -4.238403320312500000e+00 -4.239554405212402344e+00 -4.239901065826416016e+00 -4.247357845306396484e+00 -4.262740135192871094e+00 -4.295278072357177734e+00 -4.334341049194335938e+00 -4.339753627777099609e+00 -4.327994346618652344e+00 -4.349576473236083984e+00 -4.369206428527832031e+00 -4.393244266510009766e+00 -4.416898250579833984e+00 -4.432416915893554688e+00 -4.456779956817626953e+00
-4.014741897583007812e+00 -4.488867759704589844e+00 -4.399460792541503906e+00 -4.350550651550292969e+00 -4.361529350280761719e+00 -4.328494548797607422e+00 -4.370933055877685547e+00 -4.329757213592529297e+00 -4.310711383819580078e+00 -4.307734489440917969e+00 -4.310665130615234375e+00 -4.339787483215332031e+00 -4.384934902191162109e+00 -4.293851375579833984e+00 -4.285077095031738281e+00 -4.282972812652587891e+00 -4.273977279663085938e+00 -4.255798339843750000e+00 -4.252222061157226562e+00 -4.233324050903320312e+00 -4.228548049926757812e+00 -4.241390705108642578e+00 -4.233454227447509766e+00 -4.231593132019042969e+00 -4.228751182556152344e+00 -4.233411312103271484e+00 -4.246981143951416016e+00 -4.284611701965332031e+00 -4.340881347656250000e+00 -4.350336074829101562e+00 -4.323880672454833984e+00 -4.337687015533447266e+00 -4.358175277709960938e+00 -4.385404109954833984e+00 -4.410592079162597656e+00 -4.426447391510009766e+00 -4.452455043792724609e+00
-4.375846385955810547e+00 -4.403582572937011719e+00 -4.488867759704589844e+00 -4.448662281036376953e+00 -4.386304855346679688e+00 -4.382121086120605469e+00 -4.373181819915771484e+00 -4.341674327850341797e+00 -4.310870647430419922e+00 -4.302123546600341797e+00 -4.287590503692626953e+00 -4.311530590057373047e+00 -4.309698104858398438e+00 -4.304259300231933594e+00 -4.296638965606689453e+00 -4.296535491943359375e+00 -4.288917064666748047e+00 -4.267644882202148438e+00 -4.269948482513427734e+00 -4.242449760437011719e+00 -4.249162197113037109e+00 -4.240377426147460938e+00 -4.229247570037841797e+00 -4.223886489868164062e+00 -4.216619014739990234e+00 -4.216508388519287109e+00 -4.224605560302734375e+00 -4.264342784881591797e+00 -4.348430156707763672e+00 -4.359099388122558594e+00 -4.312750816345214844e+00 -4.326249122619628906e+00 -4.346921443939208984e+00 -4.375566959381103516e+00 -4.402488708496093750e+00 -4.418446540832519531e+00 -4.446219921112060547e+00
-4.734874725341796875e+00 -4.555360794067382812e+00 -4.488787651062011719e+00 -4.511835575103759766e+00 -4.444164276123046875e+00 -4.447986125946044922e+00 -4.421457767486572266e+00 -4.360672950744628906e+00 -4.330042362213134766e+00 -4.318786621093750000e+00 -4.287362098693847656e+00 -4.328913688659667969e+00 -4.314682006835937500e+00 -4.309720039367675781e+00 -4.306613922119140625e+00 -4.310810089111328125e+00 -4.306093215942382812e+00 -4.278266906738281250e+00 -4.301742553710937500e+00 -4.258023738861083984e+00 -4.249548912048339844e+00 -4.237947463989257812e+00 -4.222190380096435547e+00 -4.211850643157958984e+00 -4.195029735565185547e+00 -4.180315494537353516e+00 -4.158063411712646484e+00 -4.107269763946533203e+00 -4.282626152038574219e+00 -4.291256427764892578e+00 -4.298954963684082031e+00 -4.312128067016601562e+00 -4.332741260528564453e+00 -4.362745285034179688e+00 -4.391558170318603516e+00 -4.406997680664062500e+00 -4.436243057250976562e+00
-4.691400051116943359e+00 -4.734874725341796875e+00 -4.569258213043212891e+00 -4.545671463012695312e+00 -4.488867759704589844e+00 -4.491461277008056641e+00 -4.461471557617187500e+00 -4.394630908966064453e+00 -4.360516071319580078e+00 -4.370933055877685547e+00 -4.371028423309326172e+00 -4.338236331939697266e+00 -4.319715023040771484e+00 -4.314571380615234375e+00 -4.311574935913085938e+00 -4.321291923522949219e+00 -4.319971084594726562e+00 -4.258338928222656250e+00 -4.277182102203369141e+00 -4.270012378692626953e+00 -4.262900829315185547e+00 -4.251985549926757812e+00 -4.236177444458007812e+00 -4.227838516235351562e+00 -4.211901187896728516e+00 -4.200987815856933594e+00 -4.185434341430664062e+00 -4.266512870788574219e+00 -4.268229961395263672e+00 -4.274897098541259766e+00 -4.281258106231689453e+00 -4.294130802154541016e+00 -4.313937664031982422e+00 -4.344961166381835938e+00 -4.375739574432373047e+00 -4.388820171356201172e+00 -4.416799545288085938e+00
-4.647453308105468750e+00 -4.669864177703857422e+00 -4.679127693176269531e+00 -4.645117759704589844e+00 -4.557060718536376953e+00 -4.537628650665283203e+00 -4.509735584259033203e+00 -4.425364494323730469e+00 -4.382121086120605469e+00 -4.431555747985839844e+00 -4.401620388031005859e+00 -4.351054191589355469e+00 -4.327713966369628906e+00 -4.322144985198974609e+00 -4.320312023162841797e+00 -4.345417499542236328e+00 -4.384934902191162109e+00 -4.295195102691650391e+00 -4.285360336303710938e+00 -4.278573513031005859e+00 -4.273263931274414062e+00 -4.262504100799560547e+00 -4.245333671569824219e+00 -4.237801074981689453e+00 -4.219863414764404297e+00 -4.208461284637451172e+00 -4.189139366149902344e+00 -4.260462284088134766e+00 -4.259428024291992188e+00 -4.262139320373535156e+00 -4.266373157501220703e+00 -4.277656078338623047e+00 -4.296628952026367188e+00 -4.329232215881347656e+00 -4.363268852233886719e+00 -4.373813152313232422e+00 -4.399207592010498047e+00
-4.665003299713134766e+00 -4.693675041198730469e+00 -4.713137626647949219e+00 -4.734874725341796875e+00 -4.605329990386962891e+00 -4.582084178924560547e+00 -4.561755180358886719e+00 -4.466516017913818359e+00 -4.477789402008056641e+00 -4.455600261688232422e+00 -4.420654296875000000e+00 -4.358725070953369141e+00 -4.326187610626220703e+00 -4.313054561614990234e+00 -4.295494556427001953e+00 -4.311530590057373047e+00 -4.321333408355712891e+00 -4.305909156799316406e+00 -4.296889781951904297e+00 -4.290493011474609375e+00 -4.287178039550781250e+00 -4.277478694915771484e+00 -4.258828639984130859e+00 -4.254705905914306641e+00 -4.234774112701416016e+00 -4.228548049926757812e+00 -4.256180763244628906e+00 -4.251654624938964844e+00 -4.246974468231201172e+00 -4.246939659118652344e+00 -4.247630596160888672e+00 -4.255620479583740234e+00 -4.271723747253417969e+00 -4.304758071899414062e+00 -4.342976570129394531e+00 -4.344295978546142578e+00 -4.327994346618652344e+00
-4.618943691253662109e+00 -4.633344650268554688e+00 -4.648902416229248047e+00 -4.652178764343261719e+00 -4.647447109222412109e+00 -4.625150680541992188e+00 -4.603632926940917969e+00 -4.488867759704589844e+00 -4.513005733489990234e+00 -4.490804672241210938e+00 -4.453818798065185547e+00 -4.380528450012207031e+00 -4.341627120971679688e+00 -4.325694084167480469e+00 -4.287362098693847656e+00 -4.357113361358642578e+00 -4.329656124114990234e+00 -4.313199996948242188e+00 -4.306509494781494141e+00 -4.301042556762695312e+00 -4.300259590148925781e+00 -4.291831016540527344e+00 -4.269731998443603516e+00 -4.271380424499511719e+00 -4.242449760437011719e+00 -4.259267807006835938e+00 -4.254527568817138672e+00 -4.247848510742187500e+00 -4.239770412445068359e+00 -4.237503528594970703e+00 -4.235072612762451172e+00 -4.240412712097167969e+00 -4.254932880401611328e+00 -4.293567180633544922e+00 -4.349686622619628906e+00 -4.354717731475830078e+00 -4.326480388641357422e+00
-4.622831344604492188e+00 -4.646390914916992188e+00 -4.669761180877685547e+00 -4.681031703948974609e+00 -4.689299583435058594e+00 -4.693064212799072266e+00 -4.689996242523193359e+00 -4.573104858398437500e+00 -4.552228450775146484e+00 -4.531779289245605469e+00 -4.496185779571533203e+00 -4.412706851959228516e+00 -4.371190071105957031e+00 -4.370933055877685547e+00 -4.408408164978027344e+00 -4.379481792449951172e+00 -4.339906692504882812e+00 -4.321396827697753906e+00 -4.315041542053222656e+00 -4.310650348663330078e+00 -4.313839912414550781e+00 -4.308224678039550781e+00 -4.279449462890625000e+00 -4.301742553710937500e+00 -4.267218589782714844e+00 -4.259246826171875000e+00 -4.253118515014648438e+00 -4.244109630584716797e+00 -4.232951164245605469e+00 -4.227732658386230469e+00 -4.220623493194580078e+00 -4.220861911773681641e+00 -4.229547977447509766e+00 -4.269785404205322266e+00 -4.353765010833740234e+00 -4.359099388122558594e+00 -4.317527770996093750e+00
-4.625378608703613281e+00 -4.653269767761230469e+00 -4.687556743621826172e+00 -4.701672554016113281e+00 -4.713895797729492188e+00 -4.724006175994873047e+00 -4.734874725341796875e+00 -4.610529422760009766e+00 -4.591464519500732422e+00 -4.573199748992919922e+00 -4.540318012237548828e+00 -4.440717220306396484e+00 -4.382121086120605469e+00 -4.451414585113525391e+00 -4.429246902465820312e+00 -4.396690368652343750e+00 -4.348955631256103516e+00 -4.327198982238769531e+00 -4.320175170898437500e+00 -4.315622806549072266e+00 -4.323580741882324219e+00 -4.321081638336181641e+00 -4.258338928222656250e+00 -4.277557373046875000e+00 -4.269124031066894531e+00 -4.259944915771484375e+00 -4.252162456512451172e+00 -4.240399837493896484e+00 -4.224523544311523438e+00 -4.214081764221191406e+00 -4.197095394134521484e+00 -4.182277202606201172e+00 -4.159976959228515625e+00 -4.107269763946533203e+00 -4.295228004455566406e+00 -4.299963474273681641e+00 -4.306837081909179688e+00
