outputs/five_years_ebb_vel.asc
ncols 259
nrows 149
xllcorner 0.0
yllcorner 0.0
cellsize 1.15722698403
[rows 17 to 33 of 149, columns 0 to 36 of 259]
-0.000000000000000000e+00 1.618025916349471817e-06 3.058137970768620018e-06 -5.752162967594657556e-06 -7.968787208139615613e-06 -2.980609394540930529e-05 -4.041793976189470933e-05 -3.138529987802933592e-06 9.097082856590544561e-07 2.029418557536010790e-06 2.818735197764708857e-06 3.329169503341348609e-06 3.783864085314378764e-06 1.114497272626499737e-04 1.864686684791488978e-04 1.014924158098895820e-04 9.462929858984107608e-06 7.697404628011099141e-06 7.364055800243456014e-06 7.403363952981043535e-06 7.586736958736439405e-06 7.803451817499828993e-06 8.026058911401839880e-06 8.258017134672932173e-06 8.510341102825933236e-06 8.792510209004851136e-06 9.105803318407071001e-06 9.430795654541133027e-06 9.688630316453532930e-06 9.579570432837439495e-06 2.392870811675692491e-04 1.375974155279663337e-03 3.505071778310856097e-03 5.222774041381795032e-03 5.343429528499336542e-03 5.105657996089751037e-03 3.054425444408163416e-03
-0.000000000000000000e+00 8.017052907893225918e-07 -2.037147334003760484e-05 -5.184560622227816259e-05 -5.568494683595652636e-05 -3.374811902966380020e-05 1.831774096958582306e-05 1.217555902895975522e-05 2.193835164561456785e-06 3.387825950938221439e-06 4.179202967130842037e-06 4.950367587448893917e-06 6.210606681740223233e-06 9.177815568567982356e-06 1.240122739041249987e-04 6.912425873499250778e-05 1.091982817576520477e-05 9.047747756300419521e-06 8.300417075046486411e-06 8.054310943014577969e-06 8.038601558758931711e-06 8.129920262198543564e-06 8.282109804551677921e-06 8.486388819596336569e-06 8.749939705102292994e-06 9.085648129062643468e-06 9.507968443466923784e-06 1.003638239792945491e-05 1.073098629775781835e-05 1.190166237092329766e-05 1.382930077663564045e-04 1.221596118570246210e-03 3.471567687437731361e-03 5.367906564492018646e-03 5.636515595058324592e-03 5.440145020401141243e-03 3.225303370172405426e-03
-0.000000000000000000e+00 -3.455585408130129848e-05 -6.333903112600864228e-05 -6.012651157408334049e-05 -3.621071013565614437e-05 2.187029988410962942e-05 5.440783914415873052e-05 5.291325031100793696e-05 4.392981095889198931e-06 5.148847114524422832e-06 5.559883132371366481e-06 6.082491197582911068e-06 6.930379485629359643e-06 9.177815568567982356e-06 1.675748095304795552e-05 1.619646382317452141e-05 1.091982817576520477e-05 9.273341146378472720e-06 8.735553800627099963e-06 8.474861185271464819e-06 8.383438071085760177e-06 8.395517867983307033e-06 8.486071225009551213e-06 8.655488634057999342e-06 8.917380768923877538e-06 9.292174158676014679e-06 9.804039928468044637e-06 1.047577919595150065e-05 1.129727010572432043e-05 1.199310767967047656e-05 7.174237302688792138e-05 1.127145019263821627e-03 3.382021458826774130e-03 5.367906564492018646e-03 5.636515595058324592e-03 5.440145020401141243e-03 3.225303370172405426e-03
-0.000000000000000000e+00 -1.873316557911383385e-05 1.407542008476785100e-05 3.281301368949945713e-05 3.377968405783920509e-05 5.065842627887540009e-05 5.440783914415873052e-05 5.291325031100793696e-05 8.714404218877348893e-06 7.254698278898985791e-06 6.828991250247415348e-06 6.889334584882141122e-06 7.296816569640531003e-06 8.131603493553931662e-06 8.509812347291103449e-06 1.106953530755651666e-05 1.016904869746937516e-05 9.273341146378472720e-06 8.893595795812123288e-06 8.726141926358600738e-06 8.624771672329550597e-06 8.582641913639605267e-06 8.611168593445267988e-06 8.732113722702360798e-06 8.971920577859579220e-06 9.361627808249696361e-06 9.940237915778088413e-06 1.076542435168434864e-05 1.198920724951768097e-05 1.438559290019634482e-05 2.248815779352771402e-05 1.089453440636387179e-03 3.103703984820215585e-03 5.196008063304781779e-03 5.529509398705660661e-03 5.252300326082919024e-03 3.103110575111089030e-03
-0.000000000000000000e+00 5.066902765741352190e-05 6.586961958733757432e-05 6.273948411878222287e-05 5.779148378551379544e-05 5.065842627887540009e-05 9.866972689137492152e-06 1.364616827032360321e-05 9.563769230397845659e-06 8.326550531946969546e-06 7.612049004837341639e-06 7.349039322057897651e-06 7.440504694700232438e-06 7.927047513350557673e-06 8.509812347291103449e-06 9.421457302914508267e-06 9.413490160177597868e-06 9.141014331117182582e-06 8.971673125145818238e-06 8.911339052021575958e-06 8.806864778234309050e-06 8.699109520800541088e-06 8.643847512429986662e-06 8.732113722702360798e-06 8.971920577859579220e-06 9.361627808249696361e-06 9.940237915778088413e-06 1.076542435168434864e-05 1.198920724951768097e-05 1.438559290019634482e-05 1.270109688634875041e-04 1.098496080498332196e-03 2.857594126702696271e-03 4.911884932306806451e-03 5.069481663765511119e-03 4.742676260847336275e-03 2.935891070746226520e-03
-0.000000000000000000e+00 7.220259144739993730e-05 8.265638455271469352e-05 6.273948411878222287e-05 5.779148378551379544e-05 1.014137862867121176e-05 1.075423475856979946e-05 1.118605570308895230e-05 1.014838069752951743e-05 8.875685613653250237e-06 7.943614915096696070e-06 7.454269003811545061e-06 7.440504694700232438e-06 7.769957642916828903e-06 8.199573166231464126e-06 8.692991396632948921e-06 8.922440309209457601e-06 8.983630222100787174e-06 9.098127430648344379e-06 9.140676378347123492e-06 8.992238867785199249e-06 8.763083878897851716e-06 8.643847512429986662e-06 8.689877085446950702e-06 8.876560011562394041e-06 9.242178580685113298e-06 9.829859574710487637e-06 1.065647304549040911e-05 1.231658738878539472e-05 1.454128060490452992e-05 5.205179763840010656e-04 1.310362763618454522e-03 2.537529468077742104e-03 4.332095793396408684e-03 4.524368645534041986e-03 4.155357618377196818e-03 2.850155770859759321e-03
-0.000000000000000000e+00 1.707182558775782548e-04 1.370371600471587765e-04 6.026433310728418539e-05 1.074624685925356224e-05 1.047888658765545051e-05 1.182253201338180081e-05 1.277586588301961978e-05 1.096801224297825529e-05 9.084196310040051686e-06 7.943614915096696070e-06 7.454269003811545061e-06 7.346205244185313903e-06 7.512705197384670892e-06 7.825531278084633030e-06 8.228494808175948949e-06 8.599649457926015326e-06 8.916165381045854088e-06 9.380767096170431610e-06 9.561000162933528540e-06 9.258330435661793953e-06 8.785752276979094606e-06 8.575234850026719306e-06 8.506987095092622545e-06 8.602263802257563638e-06 8.900666928217632900e-06 9.480548756887750194e-06 1.052206661510019059e-05 1.269446069467118563e-05 2.058419779451236002e-04 7.207370394901648760e-04 1.534215002952119466e-03 2.052826580935622740e-03 3.719312190023503668e-03 4.019161266110206181e-03 3.593512428350482783e-03 2.753859669501813792e-03
-0.000000000000000000e+00 3.894574790531680738e-04 3.018851625754960348e-04 2.679456716340911402e-05 1.083196895368082575e-05 1.153103251861352440e-05 1.328114082428265538e-05 1.712686357262992472e-05 1.186360608132407453e-05 9.084196310040051686e-06 7.832456038084828609e-06 7.178216533906436944e-06 6.977342080844993566e-06 7.109126624352036483e-06 7.361351940546609936e-06 7.795807100060457711e-06 8.348269591388855556e-06 9.036231713694111456e-06 9.947775410054416172e-06 1.046422674155502091e-05 9.694330434949621078e-06 8.785752276979094606e-06 8.387020913686692435e-06 8.160572642639688518e-06 8.124841174157698242e-06 8.277676573040358579e-06 8.669601909522903097e-06 9.634657269237467542e-06 1.162400123421745084e-04 4.274027564430466137e-04 9.084396170308475663e-04 1.534215002952119466e-03 1.621488329711033138e-03 3.161427482101355439e-03 3.231374335324013313e-03 2.700039730617293226e-03 2.411348918619328832e-03
-0.000000000000000000e+00 6.633257987163661403e-04 5.846751192637020993e-04 2.102828559971765463e-04 2.196371515891053206e-05 1.153213370883460864e-05 1.328114082428265538e-05 3.058684150189224464e-05 1.186360608132407453e-05 8.660631345444038624e-06 7.123796393296312695e-06 6.448799012884563499e-06 6.275819920936312296e-06 6.585107278632142590e-06 6.714942759689509030e-06 7.245112060130579881e-06 8.081456426523179803e-06 9.199529637152592572e-06 1.090987608879750949e-05 1.265380095828196389e-05 1.032019068291102265e-05 8.734573879670257162e-06 8.026523885101306274e-06 7.623441387621601090e-06 7.458851678693488859e-06 7.415596280263413531e-06 7.285525038926374885e-06 6.652499857655695037e-06 6.629130156936711353e-05 4.001536066790905796e-04 1.229098724405896896e-03 1.523335904601624087e-03 1.870727698515820252e-03 3.318495654861064546e-03 2.913665639931185044e-03 2.340845217324665894e-03 2.257161033719414563e-03
-0.000000000000000000e+00 9.754856112855226366e-04 1.026448661557445661e-03 6.562129248097992550e-04 2.196371515891053206e-05 1.153213370883460864e-05 1.264413519250481762e-05 3.058684150189224464e-05 2.074658902215036096e-05 6.570926597115358980e-06 5.553299176771537985e-06 5.217363203398817674e-06 5.092031311383291184e-06 7.616820888738172306e-06 5.668199759448272572e-06 6.388241954248824003e-06 7.696212340878875858e-06 9.199529637152592572e-06 1.183839834970158200e-05 1.892091031986506313e-05 1.050094241676215118e-05 8.431688921650569619e-06 7.361059359426268679e-06 6.847817344051742832e-06 6.671527872730812280e-06 6.640331830393068423e-06 6.504123558396139759e-06 6.818076691428072913e-06 6.584447105113814225e-06 4.001536066790905796e-04 1.459169478142425570e-03 1.696276191653370725e-03 2.906809630207294118e-03 3.318495654861064546e-03 1.967743882783701270e-03 1.829063639869081895e-03 1.726388791348263969e-03
-0.000000000000000000e+00 1.006664436910563714e-03 1.658974221031014147e-03 1.161149562582341165e-03 1.052340139256715450e-04 -1.034803469001480063e-08 -4.823575264990066236e-06 -4.394444258061767385e-05 -6.225705523357338828e-06 1.355559735259314583e-04 2.917826838299180715e-04 1.978447747754768463e-04 1.401082089121265652e-04 7.616820888738172306e-06 3.329074514304727416e-06 4.943443656537853998e-06 7.115621345591311088e-06 9.155798405240307171e-06 1.183839834970158200e-05 1.892091031986506313e-05 1.050094241676215118e-05 7.310931764595079807e-06 6.138207286901929483e-06 5.735240756428556094e-06 5.739110637785307299e-06 6.069801060315166484e-06 6.724214373578135852e-06 8.996108096865116122e-06 9.841977842085135119e-06 3.945697675817749382e-04 1.459169478142425570e-03 1.885066924152355465e-03 2.906809630207294118e-03 2.220149054022595679e-03 1.601874332500319471e-03 1.706802261804630811e-03 1.651841377529496193e-03
-0.000000000000000000e+00 1.006664436910563714e-03 1.982181536099488547e-03 1.161149562582341165e-03 1.052340139256715450e-04 -1.070302876966573063e-04 -4.051715502665011615e-04 -4.306882466823494407e-04 -1.450191399049785546e-04 1.355559735259314583e-04 6.158385248692700709e-04 9.326922288028157175e-04 7.684425620461958657e-04 5.169797334655318929e-04 2.115374046825064765e-04 5.065038859285320753e-06 8.142021472718013840e-06 9.688739184211120348e-06 8.367008584902885780e-06 -1.708271496642679133e-05 5.451736899677270558e-06 4.172888433065262373e-06 4.145597267157720179e-06 4.215827756974875456e-06 4.479872861666548651e-06 5.395638214686014081e-06 6.724214373578135852e-06 1.260016348036935439e-05 1.542859818319855707e-05 3.472321460490859638e-04 1.536286455095023070e-03 2.625184640426905108e-03 2.713359802072901842e-03 1.353060990049844954e-03 1.441173797510257940e-03 1.658402142106954903e-03 1.651841377529496193e-03
-0.000000000000000000e+00 3.753383758900642633e-04 1.982181536099488547e-03 6.936681838987444719e-04 6.246156710593238814e-05 -6.950825526474671470e-04 -3.897688527964052424e-04 -3.857522728032629599e-06 -4.657941582393036517e-05 7.387246818412592181e-05 6.158385248692700709e-04 1.097203572913723777e-03 1.299702719260762730e-03 1.499406884278567040e-03 7.144853603251168040e-04 6.475583224041023939e-06 1.114727686766819129e-05 9.688739184211120348e-06 -1.082759449852784667e-04 -3.695713828971882017e-05 -4.780750238804611996e-06 -2.167121991686529642e-07 2.055465591688775710e-06 3.246236543853427665e-06 3.514601775261941940e-06 4.308664563184343405e-06 6.000987624365358147e-06 1.260016348036935439e-05 1.091284883358578786e-04 3.223118060353911398e-04 1.536286455095023070e-03 2.625184640426905108e-03 1.726610173232592067e-03 1.257808844947932167e-03 1.319182131514561518e-03 1.542209704729341838e-03 1.539616085070070941e-03
-0.000000000000000000e+00 -3.840990241367401019e-05 3.094003024813628050e-04 2.326638354021273627e-04 -1.144365257899325889e-04 -1.830060615231651863e-04 -9.118502595612959516e-05 3.162976541623489481e-05 3.400563825039976037e-05 3.612323537982940606e-04 6.313218122566302375e-04 1.097203572913723777e-03 1.944704480323602731e-03 2.813864004898875264e-03 1.607323181898607633e-03 6.475583224041023939e-06 1.114727686766819129e-05 -1.853523172135865987e-04 -3.003500321886367209e-05 1.412656748168922630e-04 7.690445580236080121e-05 3.957540533260430637e-05 4.489358358785754864e-06 3.995020839760810679e-06 3.627458728004401815e-06 4.114386075441794956e-06 3.994399976455086397e-06 5.518208547521609897e-05 1.366921677014424936e-04 2.935118011232880309e-04 1.424421701825864285e-03 2.383304810002144069e-03 1.021403995134537212e-03 1.124814545508238863e-03 1.194521188428994667e-03 1.341743863262079067e-03 1.388194186783577033e-03
-0.000000000000000000e+00 -5.170888755197122235e-05 -9.883496432013268011e-05 5.465800545353321165e-05 -4.960238930063226202e-05 -1.353481875242962544e-04 9.253466269214247262e-05 1.468511225460149825e-04 2.679780703175363953e-04 6.917267798938732610e-04 6.691641429312646756e-04 1.008147751033404991e-03 1.944704480323602731e-03 3.200666911734409772e-03 2.230613321432520571e-03 5.784883257356665705e-04 -9.464233809659982244e-05 -5.782540847524520692e-04 9.984865020612962991e-05 3.887522676912241347e-04 3.634487031038403340e-04 1.685889915288848822e-04 2.354998560989039150e-04 1.563312293641218298e-04 7.071940521322596829e-05 4.114386075441794956e-06 2.823596812381932484e-06 1.752375561997008554e-05 1.496466917299929978e-04 3.266271927108909887e-04 1.226044006083606844e-03 1.716346089299601021e-03 7.048373607734330880e-04 8.857029304573826216e-04 1.057333980759724446e-03 1.204941365477446655e-03 1.317380423853404354e-03
-0.000000000000000000e+00 -2.800080781542314180e-05 -3.230512071502149172e-05 5.465800545353321165e-05 -4.960238930063226202e-05 -9.379712991025897912e-05 2.475574679145576065e-04 2.995207949262528122e-04 5.243422284423098975e-04 6.917267798938732610e-04 7.225955721443561193e-04 1.006067712487814870e-03 1.913149761936500711e-03 3.200666911734409772e-03 2.230613321432520571e-03 6.220004459045026064e-04 5.823419207178457150e-04 3.648726724470931519e-04 3.683294217032004932e-04 4.096890734355092202e-04 7.007010762242312169e-04 4.549139651167139094e-04 3.973296678725156774e-04 6.151455398126883575e-04 3.995909147063267017e-04 1.130928365791577757e-04 -1.987797805784186225e-05 -9.910954897848418515e-07 1.824918696363762144e-04 3.795927228293639031e-04 6.761990825016391416e-04 1.256961532453356161e-03 8.137986377750075192e-04 6.756773208473229554e-04 9.645411635066497005e-04 1.164153128585985195e-03 1.256571992169088587e-03
-0.000000000000000000e+00 -2.800080781542314180e-05 -3.230512071502149172e-05 -4.755993093822839091e-05 -2.029680988396109873e-04 -9.379712991025897912e-05 2.475574679145576065e-04 2.995207949262528122e-04 5.730832469256834068e-04 7.590854080306876344e-04 7.413677619151411591e-04 9.006844693452346721e-04 1.333965515730438063e-03 1.722206061745404793e-03 1.101671543987939143e-03 6.220004459045026064e-04 6.836756406573285278e-04 9.688522813375607511e-04 8.678495351770550885e-04 5.575374877146781986e-04 7.796237525349604663e-04 8.504557456391692929e-04 5.286865357944140441e-04 6.151455398126883575e-04 5.884870671813774911e-04 3.714329292637954063e-04 2.471403159831265140e-04 2.475219981358920307e-04 3.505675806249321192e-04 4.945161022740233092e-04 6.308074087005179206e-04 8.380763102788243253e-04 8.137986377750075192e-04 7.199112180263512583e-04 9.645411635066497005e-04 1.193963812405086054e-03 1.265737141332462946e-03
