outputs/five_years_flood_vel.asc
ncols 259
nrows 149
xllcorner 0.0
yllcorner 0.0
cellsize 1.15722698403
[rows 17 to 33 of 149, columns 222 to 258 of 259]
1.754236317588074856e-06 2.133586777285970596e-06 2.403146279523180670e-06 2.495198521815028110e-06 2.744456933372594220e-06 3.207942232944976758e-06 3.815800902600124589e-06 4.504682973735279873e-06 5.219006771080912424e-06 5.899461753167186172e-06 6.468668412306529131e-06 7.699712496080684718e-06 9.939327632294974284e-06 1.307724128127791157e-05 1.681856485304970017e-05 2.103958267371694335e-05 2.518369625844146144e-05 2.778383110172766898e-05 2.594106608501307333e-05 1.609470744452867026e-05 6.763232053176262489e-06 1.871477305835827012e-04 2.392936732867523471e-04 1.628390605703182827e-04 2.038327415838363406e-04 1.272683254361487749e-04 9.342917096074163281e-05 1.469219844312137364e-04 2.209658648067591594e-04 3.326151794740949004e-04 3.386778777464318629e-04 2.265835600960051748e-04 4.293658564039404052e-04 4.437164810243549289e-04 3.364163735755463375e-04 1.774905452338678574e-04 0.000000000000000000e+00
1.455242407509765864e-06 1.915577270845943929e-06 2.148237168219925086e-06 2.148237168219925086e-06 1.639027944051635591e-06 2.030032076590381898e-06 2.581031827761905164e-06 3.178564731341034111e-06 3.754207655061571158e-06 4.636081124268223247e-06 6.131222696764238030e-06 7.766747536604464062e-06 9.871683872630329534e-06 1.231306937337271533e-05 1.493093146189751457e-05 1.747471775268636920e-05 1.945813186722659971e-05 2.004623137679980739e-05 1.761038392348683918e-05 1.104814980361936708e-05 4.548060837538114447e-05 1.227867240606462921e-04 1.390145093975290894e-04 1.628390605703182827e-04 2.092743837404008810e-04 2.979080547330995575e-04 1.531933880227530429e-04 2.105193701192332437e-04 3.175145745723951651e-04 5.043108776943876562e-04 6.227299136525951294e-04 1.843545435491222059e-04 2.663888149596937483e-04 2.744887766387784939e-04 2.171856360328516865e-04 1.182905353592600097e-04 0.000000000000000000e+00
1.136446629370134435e-06 1.925242730368081982e-06 2.635197178459176474e-06 2.635197178459176474e-06 2.847627604372700883e-07 7.032409199203423662e-07 1.299729600516175562e-06 2.528064335893300318e-06 3.759161522267929136e-06 5.008574147729793552e-06 6.319205307469331083e-06 7.766747536604464062e-06 9.534625988773526566e-06 1.137242087768525641e-05 1.311737386848166152e-05 1.447022500790473595e-05 1.512788208097907251e-05 1.533257861475849438e-05 1.340608842851560358e-05 9.606985138455160532e-06 6.344156052614016977e-05 9.861867971126516081e-05 1.196200735422997015e-04 1.537577553834303383e-04 2.092743837404008810e-04 2.979080547330995575e-04 2.047336641391815225e-04 2.672230491937695272e-04 3.753745519465014578e-04 5.287286695192988445e-04 8.600778025529765480e-04 6.532410552424636413e-04 1.773460832469384962e-04 1.706641745382177591e-04 1.395468585578255776e-04 7.848596017032258201e-05 0.000000000000000000e+00
5.785142619655948043e-07 2.013749842797026291e-06 6.182546054811303486e-06 6.182546054811303486e-06 -1.361100485354963494e-06 1.558905918739837848e-06 1.923887452879149604e-06 3.130994432746944878e-06 4.242321875308700170e-06 5.319848636913679309e-06 6.435595420584255122e-06 7.701428964799218046e-06 9.127651668173146545e-06 1.052461428011275800e-05 1.169591812643845137e-05 1.216092632947118326e-05 1.125059283402563837e-05 1.334287280480995133e-05 1.107440603736119856e-05 8.052464053705367879e-06 6.344156052614016977e-05 9.682493678459287039e-05 1.138957470856009495e-04 1.272101413886613007e-04 1.612792515578047369e-04 1.797471132168209404e-04 2.047336641391815225e-04 2.672230491937695272e-04 3.753745519465014578e-04 5.287286695192988445e-04 8.600778025529765480e-04 7.025309290496985389e-04 8.089425662320230692e-04 1.022968899404136638e-03 4.984424951257656732e-04 1.001687078468076918e-04 0.000000000000000000e+00
1.275819978801765852e-04 1.168612240509677656e-04 1.415787074547446398e-04 4.528959011354419755e-05 1.067270042373375654e-05 5.722368052749102587e-06 1.923887452879149604e-06 3.829704066906535398e-06 4.759282909306282934e-06 5.592903104032153044e-06 6.511216391004017767e-06 7.592111346950232886e-06 8.749937439007585008e-06 9.902466448154336923e-06 1.109767818664533315e-05 1.680274268799164479e-05 2.353137258212097366e-05 7.766453769634671029e-05 6.669048128736137810e-05 4.772835575975672442e-05 6.814759293660465126e-05 9.661205210779731417e-05 1.062173405654949027e-04 9.017702579309460318e-05 6.288708509586948814e-05 7.007945155014423135e-05 1.009758603157147875e-04 1.397418689891107881e-04 2.650206508063885236e-04 4.275745818680787400e-04 6.545709649783750276e-04 7.025309290496985389e-04 8.089425662320230692e-04 1.022968899404136638e-03 5.894617783463657664e-04 4.436252348276437216e-04 0.000000000000000000e+00
1.741545339131226841e-04 1.987266925151167925e-04 2.481975184591595244e-04 1.976525969904204612e-04 1.746166337321680034e-04 1.136150174352014783e-04 7.732152439777104669e-06 5.691533386497164544e-06 5.372202590977588115e-06 5.781264478904389068e-06 6.534883475989378722e-06 7.481483563409915721e-06 8.377520292752688053e-06 9.354556045808647832e-06 1.109767818664533315e-05 5.944092901119814965e-05 8.058012061122794573e-05 9.224841782386837400e-05 8.729168191104198478e-05 8.337780805531882231e-05 9.579161594309701432e-05 1.099191729138561825e-04 1.011856595348057850e-04 4.614734340811083702e-05 -9.392269766614839689e-06 -2.007061295231433152e-05 2.507832136107412298e-06 6.921036443164682995e-05 1.766073881842816599e-04 2.690066576580579685e-04 4.481764569104296843e-04 5.633749342314625392e-04 4.863909135231320418e-04 4.158133289871307893e-04 5.894617783463657664e-04 4.436252348276437216e-04 0.000000000000000000e+00
2.214442628290993890e-04 2.685828762664682515e-04 3.009781932097925971e-04 2.847261716024723148e-04 2.686614569827789375e-04 2.352750822470899028e-04 1.884322939846328762e-04 1.698044105745478462e-04 1.619527000636912994e-04 1.065813585239083305e-04 1.006666320272903549e-04 1.063868155480707749e-04 1.182007168581095347e-04 8.777074134628702010e-05 8.686032848416321516e-05 1.049993656226219429e-04 1.305876230366214688e-04 1.399970775620500119e-04 1.366356481227988604e-04 1.421559997323356903e-04 1.512506330017617017e-04 1.216413462040560878e-04 7.548447772029294131e-05 2.840298623953135346e-05 -4.894340612441023359e-05 -1.066859445773729831e-04 -8.838457684607627617e-05 -3.151470513326055483e-05 6.660955661167275367e-05 1.649178611164008078e-04 2.964319968783921664e-04 3.874108198304488954e-04 2.862541889284184291e-04 4.804847315057010675e-05 -8.528034437056717122e-06 3.195084804679898072e-05 0.000000000000000000e+00
2.617536653295317426e-04 2.878831786525192730e-04 3.013110614159500325e-04 2.880381628069887115e-04 2.984296788508717410e-04 2.878532176625871967e-04 2.756091155004480832e-04 2.629546366106936617e-04 2.251963905007991400e-04 1.777468064329176518e-04 1.708687290236921268e-04 1.717162825518459143e-04 1.681100500918799863e-04 1.715242444938656300e-04 1.876846870005475967e-04 2.093676493322670085e-04 2.275384852431485078e-04 2.221398846194451828e-04 1.987219567026811981e-04 1.913137429802023754e-04 1.795362278435564914e-04 1.294557465745318776e-04 6.432632194001163038e-05 4.236961380844131363e-06 -4.434821306313307786e-05 -9.430422339830054712e-05 -1.003652797351829533e-04 -5.784481761051875500e-05 -1.383518738685751148e-05 1.561629124141786077e-04 2.412634012433671966e-04 1.868419961270962638e-04 5.100717649383372298e-05 -1.782590905506587972e-04 -6.274955207048930981e-04 -8.140494098305049936e-04 0.000000000000000000e+00
2.617536653295317426e-04 2.878831786525192730e-04 3.013110614159500325e-04 2.955228906246657535e-04 2.984296788508717410e-04 2.878532176625871967e-04 2.756091155004480832e-04 2.629546366106936617e-04 2.527225182194798442e-04 2.499214920487359656e-04 2.442636446949109433e-04 2.575574212906091699e-04 2.588106058910210000e-04 2.796015987300703325e-04 2.948055640724904654e-04 3.213583832334056169e-04 3.275786410053439920e-04 3.065753684394306689e-04 2.581758830914398996e-04 2.265434045830043625e-04 2.006280904416894338e-04 1.384684859128429923e-04 7.504318861204840353e-05 2.952131477226218757e-05 -5.327775572534027120e-06 -2.289098833456488385e-05 -2.335819697609795118e-05 -1.962894751740823908e-05 -5.183615197319828397e-05 3.121051791209043705e-06 4.857531239523277136e-05 1.354232896153291729e-07 -2.075813346836137530e-04 -3.628100204322811696e-04 -8.499096969238993790e-04 -1.241259724215802978e-03 0.000000000000000000e+00
2.370221504846800912e-04 2.454096247066668568e-04 2.805723761022936602e-04 2.955228906246657535e-04 2.876295011234108003e-04 3.251298619588705550e-04 3.143065197008148627e-04 2.774264207769206272e-04 2.865868142760813193e-04 3.266068748957355128e-04 3.267774154854075725e-04 3.635219235620297008e-04 3.707653347072144777e-04 3.682548883039598914e-04 3.946258632308897746e-04 3.998210204309315973e-04 3.877343294445430278e-04 3.618649652725188068e-04 3.282140987173863826e-04 3.011153505424967423e-04 2.671682686192246563e-04 1.742141170605572477e-04 1.109440952492030699e-04 9.330499297560210649e-05 7.447556491745691021e-05 6.606500817175908497e-05 5.649430032145812993e-05 2.941807076657852908e-05 -1.155548867455392222e-05 -8.961399603264135849e-05 -1.782717281772935565e-04 -2.461624961285881013e-04 -3.158719159903450010e-04 -5.895015120915956695e-04 -8.134090801172666257e-04 -3.263058662501287983e-04 0.000000000000000000e+00
2.501078324477646470e-04 2.240573898821514927e-04 2.309355737188291825e-04 2.692199561095762347e-04 2.876295011234108003e-04 3.446401938780462742e-04 3.499442550306784152e-04 3.454037308576046739e-04 3.685488318296244506e-04 3.901187926735160804e-04 4.090739065453544415e-04 4.647876306770712569e-04 4.676579378811991476e-04 4.541444816654372657e-04 4.919725671159814800e-04 4.917793354632661292e-04 4.934494979744651283e-04 4.927468013253348241e-04 4.717675775596124926e-04 4.706207173186328137e-04 3.895952803741811873e-04 2.274946808822252359e-04 1.943730771803135900e-04 2.132653675950917343e-04 1.922014935481585309e-04 1.545700542082507954e-04 1.319052397483001294e-04 1.046194430822145095e-04 5.055289427928141843e-05 -8.028136445790484070e-05 -2.432477960467274345e-04 -3.600801251275370565e-04 -3.693488686782861246e-04 -2.688666844964073465e-04 -6.524387035484960492e-05 -6.524387035484960492e-05 0.000000000000000000e+00
2.501078324477646470e-04 2.429807277548474140e-04 2.255055962116459206e-04 2.574358859593724115e-04 2.807012300965254460e-04 3.446401938780462742e-04 4.060390851535475906e-04 4.870855178816502185e-04 4.772189509397846093e-04 4.920273577171972506e-04 4.902360924534667711e-04 5.191136222696454000e-04 5.411744461967579875e-04 5.367885798542901916e-04 5.759279275379414762e-04 6.169314394799205875e-04 6.751653564903952864e-04 6.849725815669208693e-04 6.741921303655732615e-04 6.994203025644299670e-04 5.218742443470405102e-04 3.048351656849353263e-04 3.101062623205035236e-04 3.540434243334162354e-04 3.238623452636020614e-04 2.600410461966773694e-04 2.214620585825714263e-04 1.789610138254152556e-04 1.139434535926942921e-04 -1.445955169552490316e-05 -1.794195476229467430e-04 -2.830650155915729964e-04 -2.338519603654738124e-04 -1.161746730858934882e-04 -1.900446051759804733e-05 -1.900446051759804733e-05 0.000000000000000000e+00
2.542362527073320803e-04 2.860097271574823857e-04 2.920480686848085932e-04 2.994192873381772190e-04 3.074030798901680869e-04 3.663096538712524910e-04 4.525591266539466095e-04 5.336816224516362835e-04 5.621123275616170733e-04 5.567883021516266450e-04 5.515775200183523075e-04 6.012736895392477906e-04 6.758125047995064763e-04 6.677056726024656851e-04 7.069580339433661738e-04 7.815120320778265548e-04 8.751449491297303308e-04 8.884658453036700090e-04 9.053565346268590153e-04 9.190326154605300531e-04 6.697231313275514792e-04 4.154461081311374869e-04 4.365794526189881695e-04 5.143852257549122843e-04 4.638070926939008944e-04 3.729769213803273554e-04 3.178132222303406440e-04 2.693532477813023198e-04 2.193097799472588200e-04 1.211739965243493946e-04 -2.885818548014384647e-06 -7.213261389813209706e-05 -6.121604802280923796e-06 1.551575827507793392e-05 2.759663815496735090e-05 4.077703754811052135e-05 0.000000000000000000e+00
2.679081772350831335e-04 3.200615355706289264e-04 3.598819766182715426e-04 3.665388603881267584e-04 4.085359739337866098e-04 4.161492652495126648e-04 4.682767840152131031e-04 5.370349718664079158e-04 6.089437200074946255e-04 6.187034401078177724e-04 6.574599267120996311e-04 7.096979870971983776e-04 8.019245898105977974e-04 8.330265557771746650e-04 8.814804906926795467e-04 9.564390638349446090e-04 1.071819795870193647e-03 1.099923275338677469e-03 1.150667115229550260e-03 1.174276478044305886e-03 8.546529539098988949e-04 5.437518471893185677e-04 5.618189119162461361e-04 6.824861914601046582e-04 6.090415090468829324e-04 4.874049679178143503e-04 4.131064191522820545e-04 3.754878357645115576e-04 3.520398112570056462e-04 2.737316042360390098e-04 1.488526230378600364e-04 3.616773497984109535e-05 3.616773497984109535e-05 5.626915871425440027e-06 2.759663815496735090e-05 4.077703754811052135e-05 0.000000000000000000e+00
2.679081772350831335e-04 3.200615355706289264e-04 4.011459707837976914e-04 4.398721581761744757e-04 4.878324440149875386e-04 4.899185693265896641e-04 5.171560312461996991e-04 5.900282089197498095e-04 6.579639534612100656e-04 7.196877690367569063e-04 7.743679920834569243e-04 8.152726976741159854e-04 8.974992916280011062e-04 9.623014176557379441e-04 1.068462492857679422e-03 1.159778927619830105e-03 1.272254224467734120e-03 1.345584573229666571e-03 1.405636472643659925e-03 1.464514875442070709e-03 1.126593721424228251e-03 7.209229760140523817e-04 6.879049178386747792e-04 8.071368615121556327e-04 7.189427500879429049e-04 5.893196953193986700e-04 5.095005507443821444e-04 4.886707133180149751e-04 5.061762643401273697e-04 4.155411985313813418e-04 2.732770902276414316e-04 1.113373670884128301e-04 6.836374617698471191e-05 4.345327676363536112e-06 1.337446874674929417e-05 1.504294558178430303e-05 0.000000000000000000e+00
2.017579147692805878e-04 2.642108104381642977e-04 4.011459707837976914e-04 4.982184493860455530e-04 6.080135940709163961e-04 6.024395063549880733e-04 6.133060144326205575e-04 6.679559175205661671e-04 7.263820382771610891e-04 8.002253915087658397e-04 8.840408011561906500e-04 9.392979761270302957e-04 1.015356987000592829e-03 1.082308835055105284e-03 1.223003047643407082e-03 1.315019476268479686e-03 1.436358677208984629e-03 1.612050624174491895e-03 1.590124642499990328e-03 1.662543637647924963e-03 1.427982395746854507e-03 9.566220203280499700e-04 8.375104169562976909e-04 9.248275029940803338e-04 8.430884610108704044e-04 7.127316715691116040e-04 6.155374447508169975e-04 6.110249585904367880e-04 6.619891284561012050e-04 5.408020465917763933e-04 3.797420881976764002e-04 1.818380268242868539e-04 6.242956711676364676e-05 4.312193750289628060e-06 6.512963573882687151e-06 6.020276032278407943e-06 0.000000000000000000e+00
1.621214597642207152e-04 2.124052640890782527e-04 3.117363132196782874e-04 4.982184493860455530e-04 6.326847368588220085e-04 6.330038292520490106e-04 6.971631401785490997e-04 7.776303259657092520e-04 8.615458069107111193e-04 9.002513089741006691e-04 9.790272667394032870e-04 1.089679732064529087e-03 1.148617299663051315e-03 1.181321446759255392e-03 1.297067705378068944e-03 1.427184171261401506e-03 1.611148879907204354e-03 1.851871734887433184e-03 1.732817178132549287e-03 1.735138478180777745e-03 1.535712894345989685e-03 1.195843994826296898e-03 1.045669230875467337e-03 9.873858230360368048e-04 9.067302225746429753e-04 7.889982234969718624e-04 7.020582365146228613e-04 7.275088737824900219e-04 7.932966034898827163e-04 6.507591436250751522e-04 4.771620535238451288e-04 2.562678578239084418e-04 7.321860546364080140e-05 5.125026830008024131e-06 3.666144641933234622e-06 2.525194973446713168e-06 0.000000000000000000e+00
