outputs/no_oyster_flood_vel.asc
ncols 259
nrows 149
xllcorner 0.0
yllcorner 0.0
cellsize 1.15722698403
[rows 34 to 50 of 149, columns 111 to 147 of 259]
-5.705565693807875850e-04 -7.481486987839259259e-04 -6.118862106159930325e-04 -3.463754919783815938e-04 -6.599459113887598690e-05 -1.176981540179921605e-05 -8.422598023350918732e-06 -7.857708537516443727e-06 -6.987523281524067412e-06 -6.207402011248648904e-06 -5.750020115853494347e-06 -5.750020115853494347e-06 -6.431370865898791357e-06 -5.942647661269492490e-06 -5.419320061872876525e-06 -5.050221768018705587e-06 -4.846964431301801829e-06 -4.792547532820273811e-06 -4.792547532820273811e-06 -4.849122403007053173e-06 -4.972440228143721853e-06 -5.134034417810607258e-06 -4.851249047800360549e-06 -4.542768480124241051e-06 -4.254990624435639845e-06 -3.985392113785278816e-06 -3.731070965390813138e-06 -3.488577116932353241e-06 -3.253865947822077366e-06 -3.022317344949041629e-06 -2.788860636006310002e-06 -2.548248574080370966e-06 -2.295465722585883630e-06 -2.026155501014656229e-06 -1.736860500941930830e-06 -1.424873549377276928e-06 -1.087659264390228731e-06
-5.373449081670501719e-04 -4.923827814140545323e-04 -3.154439522865104388e-04 -1.553317888566285189e-04 5.660363562102009880e-07 5.660363562102009880e-07 -5.870562070072224817e-06 -6.567584957843684605e-06 -6.889358656956758872e-06 -6.487709967505460132e-06 -6.160332615172594355e-06 -6.160332615172594355e-06 -6.118785665920997305e-06 -5.863357510795362113e-06 -5.574054839013435529e-06 -5.347284000639765692e-06 -5.216009890518140003e-06 -5.181464842350234160e-06 -5.181464842350234160e-06 -5.227180143016850213e-06 -5.330189238278739426e-06 -5.367371056399145315e-06 -5.048880669482904629e-06 -4.747301892532984404e-06 -4.461013406328509733e-06 -4.188192377398959894e-06 -3.926567217993765951e-06 -3.673328138982326820e-06 -3.425128078289428652e-06 -3.178142385306140602e-06 -2.928188982596922148e-06 -2.670910871444823868e-06 -2.401992330145285168e-06 -2.117332726194259764e-06 -1.813067188670776441e-06 -1.485337949471883652e-06 -1.129804765405541792e-06
-5.373449081670501719e-04 -4.497654924172013349e-04 -2.300614765204510737e-04 -3.535533343642579824e-05 9.458438546812751114e-05 9.458438546812751114e-05 -4.444395616041685395e-06 -5.617500578093118760e-06 -6.194616037063215335e-06 -6.476443464655505731e-06 -6.186297577401736251e-06 -6.071444751140017331e-06 -5.963111487060295596e-06 -5.817941876978113511e-06 -5.666257782745302409e-06 -5.548849505008580905e-06 -5.488326287780952303e-06 -5.488326287780952303e-06 -5.490121803045991942e-06 -5.547944088430863333e-06 -5.649916013295631718e-06 -5.532876560859952415e-06 -5.229600681198816538e-06 -4.936545014196112799e-06 -4.653568730946110045e-06 -4.379796771488269830e-06 -4.113677390202897884e-06 -3.853040142713516338e-06 -3.595175841046779337e-06 -3.336935135389392748e-06 -3.074842037629923687e-06 -2.805213598956646885e-06 -2.524260000356118776e-06 -2.228115884946090824e-06 -1.912737578075130621e-06 -1.573606294433676869e-06 -1.205208028714030587e-06
-3.133649456322117532e-04 -2.494149098531347228e-04 -1.306799293111960032e-04 -2.035664404403449642e-05 5.807248793974422140e-05 5.807248793974422140e-05 -4.444395616041685395e-06 -5.263405701423763499e-06 -5.734038560389428245e-06 -6.177385434535393249e-06 -6.036969478638711545e-06 -5.919067140168902205e-06 -5.844273654201888220e-06 -5.779040727311642157e-06 -5.724184909981781882e-06 -5.693529948867273222e-06 -5.693529948867273222e-06 -5.698323952551423316e-06 -5.742751993622368594e-06 -5.824558394364263716e-06 -5.937598181046573031e-06 -5.688945968214172025e-06 -5.400100480256544491e-06 -5.115708752106469057e-06 -4.836919731771722309e-06 -4.563748587404898044e-06 -4.295305428616135132e-06 -4.029979200622341677e-06 -3.765600007794990100e-06 -3.499580277574206017e-06 -3.229030433577184436e-06 -2.950841486395975319e-06 -2.661718187376385736e-06 -2.358133235159000249e-06 -2.036160944249865693e-06 -1.691141621473982371e-06 -1.317120730584222002e-06
-1.092382639284116507e-04 -5.109896837754588034e-06 9.028565341136361082e-06 4.030881452735731330e-05 4.030881452735731330e-05 -2.528691717505506843e-08 -3.143841341238456517e-06 -4.466033889683119897e-06 -5.300747068535013095e-06 -5.915592608517432977e-06 -5.778195657140776691e-06 -5.723580676695028994e-06 -5.715875262266679038e-06 -5.715875262266679038e-06 -5.729762468084610527e-06 -5.757911181003429818e-06 -5.802761427926962043e-06 -5.868687579935049170e-06 -5.958003824528125746e-06 -6.069939314356711193e-06 -6.116598535683147634e-06 -5.843201761981785884e-06 -5.566146519506413717e-06 -5.289269782202001460e-06 -5.014652856629597589e-06 -4.742972417743332767e-06 -4.473816536235089867e-06 -4.205971223364522698e-06 -3.937664711936619393e-06 -3.666755533535523599e-06 -3.390857932708389621e-06 -3.107403725673502106e-06 -2.813638027594262252e-06 -2.506537924063690509e-06 -2.182631342291344660e-06 -1.837678516628565354e-06 -1.466152048972560213e-06
-1.006594584296542921e-06 -3.159930451617462291e-07 1.185862496206230984e-06 4.773401456919138422e-06 1.198706675743847548e-05 -2.528691717505506843e-08 -2.847994780565891915e-06 -4.156141447534867431e-06 -5.087323215550511718e-06 -5.453770250870904518e-06 -5.432873715271683858e-06 -5.432873715271683858e-06 -5.481184647203475981e-06 -5.565884250085092697e-06 -5.666222701756896924e-06 -5.774935918020571496e-06 -5.890917001901998555e-06 -6.015661114733261209e-06 -6.150636410198841591e-06 -6.295868368978406663e-06 -6.263260286799803199e-06 -6.001116024523844690e-06 -5.732014053585506838e-06 -5.460571000565590700e-06 -5.189449494801086487e-06 -4.919671690704005607e-06 -4.651017075216190149e-06 -4.382424444664241448e-06 -4.112332083051458116e-06 -3.838919211922773062e-06 -3.560242038047308111e-06 -3.274277455995312623e-06 -2.978892273263690887e-06 -2.671749091210156991e-06 -2.350147984223294988e-06 -2.010789053775849437e-06 -1.649419729866839891e-06
-9.444822898016555288e-07 -5.597223968508661367e-07 -1.452010759033975620e-08 1.434919967534671840e-07 1.654726117031687282e-06 -8.518166334861044022e-07 -2.847994780565891915e-06 -4.156141447534867431e-06 -4.848548128962239091e-06 -4.850572444148566378e-06 -4.896542486261163765e-06 -5.018344305871187761e-06 -5.202399946763122436e-06 -5.400254389112538729e-06 -5.594308170837386668e-06 -5.784692787420167363e-06 -5.970309546926659064e-06 -6.152403466897677293e-06 -6.333012332555662531e-06 -6.513116989210879077e-06 -6.423612207601148307e-06 -6.165987995727966047e-06 -5.900222669746560258e-06 -5.631550671673258948e-06 -5.362902431305025845e-06 -5.095247775055411330e-06 -4.828155629260920535e-06 -4.560377397024669468e-06 -4.290319963681944450e-06 -4.016347193056677910e-06 -3.736913551562978211e-06 -3.450571786996749813e-06 -3.155904518255220146e-06 -2.851418183290046023e-06 -2.535422449615671315e-06 -2.205909984384949931e-06 -1.860455218712450624e-06
-1.202259587049887651e-06 -9.638941448500385723e-07 -8.277125264692347024e-07 -8.277125264692347024e-07 -1.132516929345860556e-06 -2.188710953234689674e-06 -3.240179700003593925e-06 -3.798441467820617053e-06 -3.982414502564962151e-06 -4.090893117378421707e-06 -4.263482944154056543e-06 -4.541561075188216862e-06 -4.909816444866048757e-06 -5.238425188764165171e-06 -5.526062805060137628e-06 -5.799217513895883663e-06 -6.053224931486692250e-06 -6.290630873375272057e-06 -6.515892463915410559e-06 -6.731791928203808001e-06 -6.599573775317287256e-06 -6.339001081039790857e-06 -6.071337957999307603e-06 -5.802506585076547628e-06 -5.535361783690215324e-06 -5.270261348951503600e-06 -5.005980269747538247e-06 -4.740609550491449468e-06 -4.472223181595298413e-06 -4.199236045059026927e-06 -3.920493188151033862e-06 -3.635191622173664031e-06 -3.342735829469943240e-06 -3.042596674079034844e-06 -2.734213646564677229e-06 -2.416973215435735174e-06 -2.090323465380127226e-06
-1.470909670159133457e-06 -1.265882069030943481e-06 -1.199918924090522175e-06 -1.199918924090522175e-06 -1.440999395240679199e-06 -2.096655801442530084e-06 -2.758708010832145065e-06 -3.092053690611232470e-06 -3.191775296098566518e-06 -3.267102578646515533e-06 -3.524935097788220127e-06 -3.974600605861412602e-06 -4.656879568748613478e-06 -5.117567116017869503e-06 -5.472300346742989651e-06 -5.832889531617382748e-06 -6.152741791748274896e-06 -6.441002631201269163e-06 -6.708134721526938609e-06 -6.961631597446538543e-06 -6.791376702174079118e-06 -6.519104595114947263e-06 -6.243621496134164805e-06 -5.971775926943174854e-06 -5.705776769428235693e-06 -5.444455567312977399e-06 -5.184894550286342065e-06 -4.923857353598343412e-06 -4.658727167148818548e-06 -4.387880617433327917e-06 -4.110631533808719965e-06 -3.826965684076860177e-06 -3.537250503372284233e-06 -3.242019036991484741e-06 -2.941862247128049470e-06 -2.637445765413182075e-06 -2.329700321762351367e-06
-1.687840865287073937e-06 -1.428805537024298044e-06 -1.265081705621353923e-06 -1.265081705621353923e-06 -1.334905926083885298e-06 -1.782068007270117476e-06 -2.508300545324720615e-06 -2.425530412571588104e-06 -2.260806803321057915e-06 -2.260806803321057915e-06 -2.594554262490741671e-06 -3.175026681720270867e-06 -4.625534108249473723e-06 -5.102663359815712251e-06 -5.412681934276632252e-06 -5.907298474081966042e-06 -6.283850072687705448e-06 -6.612503138154805389e-06 -6.914012193544897007e-06 -7.212409935493955638e-06 -6.997788593771699281e-06 -6.702419101112181176e-06 -6.412267504479215947e-06 -6.135198857133491250e-06 -5.871513799766381225e-06 -5.616889600585763018e-06 -5.365285010486257634e-06 -5.111198146466452706e-06 -4.850947515968187560e-06 -4.582927723716754696e-06 -4.307186645573423276e-06 -4.024789076952947389e-06 -3.737281462950775929e-06 -3.446366723386439129e-06 -3.153770539542978771e-06 -2.861247277326721040e-06 -2.570701349960077045e-06
-1.880745638331330922e-06 -1.496417508157978171e-06 -1.096696435286453525e-06 -8.514745962033388185e-07 -8.514745962033388185e-07 -1.188409756229302778e-06 -2.451275302267682444e-06 -1.630249563172611107e-06 -7.560399595753209202e-07 -7.560399595753209202e-07 -1.417448467133809952e-06 -1.505417750279342182e-06 -5.254870280719069192e-06 -5.168465556465860217e-06 -5.168465556465860217e-06 -6.099772357746169977e-06 -6.462856886765720408e-06 -6.811147655185189001e-06 -7.123000979004568560e-06 -7.495996688586626801e-06 -7.215760520192476752e-06 -6.880515711082292161e-06 -6.567830563537090933e-06 -6.285238197345255655e-06 -6.028189971917971411e-06 -5.786304024777750911e-06 -5.548157744606471898e-06 -5.304702705813715091e-06 -5.050937026540787816e-06 -4.785696115892018200e-06 -4.510398247815395568e-06 -4.227722515210416350e-06 -3.940719548091181820e-06 -3.652395854060484039e-06 -3.365605910330514863e-06 -3.083071454390584434e-06 -2.807400755436151973e-06
-2.158512755019334756e-06 -1.579422421989605094e-06 -7.738119311634005787e-07 2.141137327864821234e-07 7.530397540591938714e-07 7.530397540591938714e-07 -1.061139795297999249e-06 -8.881525782764689632e-07 2.284344995326975622e-06 8.002054640395469816e-05 1.339082452428672391e-04 6.572498590490636228e-05 -2.501522365212506404e-06 -3.906537653121760029e-06 -3.906537653121760029e-06 -6.656657461442870223e-06 -6.656657461442870223e-06 -7.046229616816011473e-06 -7.270847378701742695e-06 -7.839149719132071581e-06 -7.437550397404762432e-06 -7.036052659487396913e-06 -6.693300841241579641e-06 -6.409733396792203903e-06 -6.169703865782672342e-06 -5.951978782000410221e-06 -5.736339237348346070e-06 -5.508517905640451683e-06 -5.262401768489354082e-06 -4.998521465494950066e-06 -4.720987714585790513e-06 -4.434983187982210928e-06 -4.145478360143250861e-06 -3.856891234434291201e-06 -3.573185793328063029e-06 -3.298031874468877438e-06 -3.034815958715442371e-06
-2.439261528336143202e-06 -1.447893652685537424e-06 -6.332426001641816463e-07 1.728701704452968976e-06 9.331014137870796495e-06 1.484687458084721485e-05 2.488916189893945094e-07 -1.697850325929356914e-06 -1.061722641647602857e-06 8.002054640395469816e-05 1.339082452428672391e-04 2.474510677076006341e-04 2.479038100016600936e-04 1.654275371389406126e-04 7.980919212043691743e-05 -4.054855971104472597e-06 -6.257074828518367589e-06 -7.075009199854825692e-06 -7.075009199854825692e-06 -8.253959625458205494e-06 -7.637771599299412545e-06 -7.097963748948336238e-06 -6.721511768336069912e-06 -6.490690682799845841e-06 -6.288913312420066562e-06 -6.115568000092891045e-06 -5.936702517146256306e-06 -5.730627910910714207e-06 -5.491630676280472903e-06 -5.225000263013199900e-06 -4.940047957050533491e-06 -4.645744161989433421e-06 -4.349319470065389800e-06 -4.056504930204954793e-06 -3.772214154078656705e-06 -3.501054291441659629e-06 -3.247474560853198367e-06
-1.828581877918300141e-06 7.709716770630117036e-07 1.310112543844667221e-07 8.044290130715709580e-06 3.887991631504139303e-06 1.484687458084721485e-05 2.488916189893945094e-07 -2.223436560986345370e-05 -2.630293007172615426e-05 -4.380421664867452628e-06 1.457286258351724202e-04 3.983008862592851218e-04 5.629502333374173089e-04 4.650082741446626903e-04 3.424266806128080875e-04 2.766666911164723840e-04 1.089450382765457865e-04 -4.023888161634151824e-06 -5.225661173493919605e-06 -8.745377910279380972e-06 -7.425817485927840652e-06 -6.810766853122245501e-06 -6.523967302409162547e-06 -6.426223955206965891e-06 -6.379690701004906996e-06 -6.284677388805387593e-06 -6.164274920232940070e-06 -5.985660544575672549e-06 -5.748492762708810617e-06 -5.469800953226532278e-06 -5.168459688613337437e-06 -4.858626032859352978e-06 -4.549550427923871844e-06 -4.247594862241686447e-06 -3.958111601339620721e-06 -3.686496576365769635e-06 -3.438527775886642586e-06
4.530472644302477189e-05 7.709716770630117036e-07 1.310112543844667221e-07 8.044290130715709580e-06 -3.128277167048622791e-05 -6.972873612842521831e-05 -1.320335449429096866e-04 -2.765618978315987644e-04 -2.156487619370826608e-04 -3.003163888802032561e-05 2.737628581723735351e-04 5.309314518276112439e-04 7.117217638772435889e-04 8.176129989944201778e-04 7.591643781818987720e-04 5.698636621133783275e-04 4.202051818495321700e-04 2.569472128756355132e-04 6.414553825429839473e-05 -5.119907188156371727e-06 -6.219276331980461508e-06 -6.195318875203756919e-06 -6.137366632971796636e-06 -6.235756415624199384e-06 -6.440642825957367913e-06 -6.479175933890497163e-06 -6.450059230404507361e-06 -6.299246584450033871e-06 -6.046878876752943362e-06 -5.737251098570905671e-06 -5.405363811317248637e-06 -5.070749852911019933e-06 -4.742661346529309722e-06 -4.426212489498013825e-06 -4.126140812672561526e-06 -3.848292636795186098e-06 -3.599871898105356880e-06
4.530472644302477189e-05 -3.792540313875357433e-05 -1.321796135228363582e-04 -2.754264625761378778e-04 -3.240031956824681756e-04 -2.645085768057447106e-04 -2.753358462138787871e-04 -2.824990624283795436e-04 -1.203863647590874456e-04 2.246111338221370415e-04 5.627190153962745777e-04 6.791910669758963962e-04 7.808296159206501224e-04 9.675057105881180921e-04 9.574745739377309335e-04 8.085961281258600411e-04 7.122821800007547071e-04 5.891395970947212396e-04 4.496424267350529903e-04 1.228464680656980669e-04 -6.136061778633919934e-06 -5.613865682740485066e-06 -5.594423938651039239e-06 -5.901954360590719956e-06 -6.477480713727149883e-06 -6.741324290394264152e-06 -6.857539483044539704e-06 -6.714387686066927511e-06 -6.402525061282323985e-06 -6.026960752986319885e-06 -5.644994605173788259e-06 -5.276348220937915132e-06 -4.924132615784211311e-06 -4.588452936548282460e-06 -4.271946523057499152e-06 -3.980661260036629446e-06 -3.723297706672408567e-06
-1.741057602589905556e-04 -3.146120931798318272e-04 -4.897271243332965021e-04 -4.578063436860561777e-04 -4.021863513906461960e-04 -3.246124164177127593e-04 -1.740764737046208901e-04 -5.921140315564006975e-05 9.635624243597461290e-05 3.285982397054915539e-04 7.223982888786585881e-04 8.311417558614251841e-04 8.012779370071896994e-04 9.675057105881180921e-04 9.574745739377309335e-04 8.085961281258600411e-04 8.075635850656564781e-04 9.767337395039780469e-04 1.007366638451043543e-03 5.576394142462309236e-04 1.155520783476272353e-04 -4.529658138473085258e-06 -4.724509078300702985e-06 -5.285437765157034745e-06 -6.438261186495441709e-06 -7.151101030915160391e-06 -7.524386725312569059e-06 -7.298239615491042029e-06 -6.821872929322759592e-06 -6.323072246918913839e-06 -5.871305635453431366e-06 -5.465515809883145858e-06 -5.089067959121396374e-06 -4.731520117853866340e-06 -4.392531082972595173e-06 -4.079108173621708994e-06 -3.802101220653237491e-06
