outputs/no_oyster_flood_vel.asc
ncols 259
nrows 149
xllcorner 0.0
yllcorner 0.0
cellsize 1.15722698403
[rows 119 to 135 of 149, columns 222 to 258 of 259]
1.019340495814367951e-03 1.003204827598849422e-03 9.673011499549927054e-04 9.536321716500282229e-04 9.395240203866316855e-04 9.233272977283486392e-04 9.078011640944451356e-04 8.913548016352322795e-04 8.721727623078092675e-04 8.533161416282733589e-04 8.230277088547942451e-04 8.045394464156544996e-04 7.866053449694612081e-04 7.688529769239721553e-04 7.514248574855626923e-04 7.338613322127471522e-04 7.155648333946128909e-04 6.973906156722467888e-04 6.411331981323753091e-04 6.099837191294944826e-04 5.811888715223276734e-04 5.533623008325515291e-04 5.252709005750883431e-04 4.950654775960007699e-04 4.596428154366353309e-04 4.135621249596509934e-04 3.476849266718380735e-04 2.918362326484452295e-04 2.776400329558618399e-04 2.666030217562000539e-04 2.341377032875343678e-04 2.046746714622100919e-04 1.812269792219574967e-04 1.488275658344028818e-04 8.850087853025651442e-05 3.991017979754815631e-05 0.000000000000000000e+00
1.018646483292894641e-03 1.001961459321299092e-03 9.649559397000949520e-04 9.537347722560331285e-04 9.399012828416314488e-04 9.232583507438502394e-04 9.076757708003802688e-04 8.914760532783384340e-04 8.720822970786656393e-04 8.533161416282733589e-04 8.220842221012697199e-04 8.039461220139458662e-04 7.861030454304012132e-04 7.681956455887778033e-04 7.504596079863702120e-04 7.325167825450125186e-04 7.138971638758342475e-04 6.960619626205023953e-04 6.446882870533406562e-04 6.152165350348720108e-04 5.879766262079752677e-04 5.617641963255061693e-04 5.357988494535659545e-04 5.088452079508692634e-04 4.782186349445818104e-04 4.379800889064020745e-04 3.735537597549979478e-04 3.014347955995399717e-04 2.877855600559549375e-04 2.906428853311730375e-04 2.474468477874249678e-04 2.159792200570772561e-04 1.812269792219574967e-04 1.482237320315349242e-04 8.850087853025651442e-05 4.001639942071518239e-05 0.000000000000000000e+00
1.021313231766527016e-03 9.972362997609565943e-04 9.736751052565130503e-04 9.572322572416634354e-04 9.413986418167333064e-04 9.239404564325444770e-04 9.081223873131992301e-04 8.918562369458113946e-04 8.719644277736338187e-04 8.531765381172076723e-04 8.209953471167417451e-04 8.033106838994338340e-04 7.855470444566504300e-04 7.674476853457832572e-04 7.493870407686849906e-04 7.310039060441773278e-04 7.116195110012965390e-04 6.926737561033872439e-04 6.460059152061028032e-04 6.177767361678090062e-04 5.920800828418980918e-04 5.674505624202827057e-04 5.436022168129222339e-04 5.203349239863477296e-04 4.961122087580528868e-04 4.662143577100047432e-04 4.115251935706754809e-04 3.150485679715850297e-04 3.028963334983466498e-04 3.289752550476562399e-04 2.474468477874249678e-04 2.159792200570772561e-04 1.522034328835453947e-04 1.266492301800045597e-04 8.405735155852957338e-05 4.001639942071518239e-05 0.000000000000000000e+00
1.021313231766527016e-03 9.972362997609565943e-04 9.738454607676574112e-04 9.587437965208839372e-04 9.427112889085569568e-04 9.248029228151829519e-04 9.088953538919649451e-04 8.926776661393529119e-04 8.717250790428792903e-04 8.524348698668193130e-04 8.199098469906823021e-04 8.033316786672342917e-04 7.853353103552343116e-04 7.667481402611371621e-04 7.482863320944438748e-04 7.293921502129305668e-04 7.088737963196183739e-04 6.883869143642108984e-04 6.460059152061028032e-04 6.185205100295128799e-04 5.934971994395664375e-04 5.697575431557086153e-04 5.475842893174455916e-04 5.273242836858347193e-04 5.093900166415680879e-04 4.948640177496224342e-04 4.819513877185218329e-04 3.732783710295131023e-04 3.146773213409108805e-04 3.289752550476562399e-04 2.373459459244249418e-04 1.809175527003989599e-04 1.525389880645547033e-04 1.195701726986855747e-04 8.141118443578963576e-05 4.023558514527818215e-05 0.000000000000000000e+00
1.023948912908780040e-03 9.962072465716483374e-04 9.762222702092282619e-04 9.601442835788204884e-04 9.439598023111756865e-04 9.258012365089245002e-04 9.100991167155055754e-04 8.945813702907579957e-04 8.737306262709047897e-04 8.502887138622837807e-04 8.250260590901348830e-04 8.049663184143647033e-04 7.858388882724049243e-04 7.664587523951206256e-04 7.474627868497786456e-04 7.279360398304696427e-04 7.059535543560868003e-04 6.835973571399261203e-04 6.454140251900245158e-04 6.185205100295128799e-04 5.940195955549112602e-04 5.706724384552182457e-04 5.487689524694562126e-04 5.290606946334339231e-04 5.130330515544106757e-04 5.042232219547931275e-04 5.126785483872851532e-04 3.732783710295131023e-04 3.146773213409108805e-04 2.373734487260389166e-04 2.172623385250565327e-04 1.895792849315371001e-04 1.583010439788774392e-04 1.231858831573744010e-04 8.406436427318057607e-05 4.197925189812459805e-05 0.000000000000000000e+00
1.023948912908780040e-03 9.962072465716483374e-04 9.762222702092282619e-04 9.604419567456381470e-04 9.445165597156027042e-04 9.262886540322566760e-04 9.110051994526581617e-04 8.967423045244134585e-04 8.779612191396864510e-04 8.502887138622837807e-04 8.250260590901348830e-04 8.053702882550778158e-04 7.863724785699996271e-04 7.662138755196516412e-04 7.467171097993962866e-04 7.263188531696918981e-04 7.034940338122435159e-04 6.798229949445480386e-04 6.443657021665857680e-04 6.186840427982077820e-04 5.946174661061421566e-04 5.712599038393279937e-04 5.488815099962458420e-04 5.290606946334339231e-04 5.130330515544106757e-04 5.042232219547931275e-04 5.126785483872851532e-04 3.571065190622674983e-04 3.001140883889393224e-04 2.627675296630110013e-04 2.313633047171293508e-04 1.992898663833294541e-04 1.651914749487244985e-04 1.282072503480196865e-04 8.784544824800152526e-05 4.439088742408643862e-05 0.000000000000000000e+00
1.012413642003157869e-03 9.937849312196620887e-04 9.760122401839158935e-04 9.604419567456381470e-04 9.449123770803117542e-04 9.265562038076067880e-04 9.115533780436045098e-04 8.982376786710299368e-04 8.795856359543796545e-04 8.429012119820642390e-04 8.239489492011289580e-04 8.057302615984760072e-04 7.870369694802829092e-04 7.662433682408022195e-04 7.463014553679540603e-04 7.253569210325735853e-04 7.019890704995300186e-04 6.779283905663588275e-04 6.436453145907100170e-04 6.186840427982077820e-04 5.947231454569411064e-04 5.712599038393279937e-04 5.488815099962458420e-04 5.279310675036920190e-04 5.085908219861662609e-04 4.904287264060040339e-04 4.699085214529548729e-04 3.706371841581885857e-04 3.206575850988025952e-04 2.797760789505948404e-04 2.433824142748142367e-04 2.079339054537071184e-04 1.715354011369982147e-04 1.329650720566854323e-04 9.140542524265011701e-05 4.662472481278650394e-05 0.000000000000000000e+00
1.009527460705065107e-03 9.917734509432315874e-04 9.751225337082517798e-04 9.604800435847890908e-04 9.454919900784068644e-04 9.267486836968105626e-04 9.116845246784986267e-04 8.991826262926813423e-04 8.799128608049513545e-04 8.404210106781574100e-04 8.234379403046610630e-04 8.064379095427524381e-04 7.875729319112928723e-04 7.666529242267686216e-04 7.462621190991503874e-04 7.250589215606103709e-04 7.013202321116769524e-04 6.772954029153013420e-04 6.428693836460375871e-04 6.185287232306595218e-04 5.947231454569411064e-04 5.712349144457262804e-04 5.482188718634228766e-04 5.258842530029714463e-04 5.038426056433226077e-04 4.810506413941866878e-04 4.560003887707947162e-04 3.759790952416470610e-04 3.306353445958565371e-04 2.897344134824322002e-04 2.514736883330930483e-04 2.140528892745171999e-04 1.759791486603238956e-04 1.360192754777790700e-04 9.318045786483031810e-05 4.708664327915887957e-05 0.000000000000000000e+00
1.009527460705065107e-03 9.910902425953956214e-04 9.746095086273526709e-04 9.611876415536845918e-04 9.468410511273418588e-04 9.273759461227275031e-04 9.117063193866369042e-04 9.000823546520946581e-04 8.799128608049513545e-04 8.407438475384729128e-04 8.254219036865672113e-04 8.082122395913569467e-04 7.888772058936462106e-04 7.675827006443435930e-04 7.469833453479890299e-04 7.256588697613299173e-04 7.015887904862612521e-04 6.775389320357913091e-04 6.421160941206453896e-04 6.180859083265224929e-04 5.943321314330917739e-04 5.705570758893733097e-04 5.468234022915818750e-04 5.232547472233870216e-04 4.993143098810495827e-04 4.739953289469447202e-04 4.467844434985613722e-04 3.787782462406495318e-04 3.365273753743758278e-04 2.965033857728986417e-04 2.578259312091746498e-04 2.195420527386906454e-04 1.805698930699890261e-04 1.397731717836427491e-04 9.601957013064331512e-05 4.863515205896436921e-05 0.000000000000000000e+00
1.009406712411620383e-03 9.914134351711879466e-04 9.755543718248530297e-04 9.631540352539503949e-04 9.500184349577401374e-04 9.297382882609643009e-04 9.129954990743647299e-04 9.054115536514353076e-04 8.792415236477048486e-04 8.511338911326471772e-04 8.299262418770199682e-04 8.107633475192178732e-04 7.907820101920251402e-04 7.690084656932558290e-04 7.481673949151925558e-04 7.266910871290132180e-04 7.022361096494764187e-04 6.780512406793003186e-04 6.414723048215340354e-04 6.176416638551969875e-04 5.938304646746859344e-04 5.696983800571058963e-04 5.452724438321975226e-04 5.207196814611705872e-04 4.955436103782100881e-04 4.688678598884822861e-04 4.409182863655536073e-04 3.801295467956377857e-04 3.398733520449489956e-04 3.008295562003809073e-04 2.623926719558829354e-04 2.240025522775554760e-04 1.848761714614959853e-04 1.439950889418747319e-04 1.000723618070379972e-04 5.177593551783200241e-05 0.000000000000000000e+00
1.009933747623563069e-03 9.919980810556394257e-04 9.762479675713338920e-04 9.650592860928884111e-04 9.540358480022475196e-04 9.328111267910931112e-04 9.129954990743647299e-04 9.066621479755387512e-04 8.792415236477048486e-04 8.531102729252229176e-04 8.328940720754518740e-04 8.133882325098241778e-04 7.930421035488511216e-04 7.708535026745858216e-04 7.498072000489022608e-04 7.281689367070396908e-04 7.030591336740453761e-04 6.783230422686533029e-04 6.409838863398908309e-04 6.177016773041674094e-04 5.936384687510810930e-04 5.689460646922645361e-04 5.438568706418013890e-04 5.184918983645182399e-04 4.924645230874665370e-04 4.648881507573207421e-04 4.367679970938625686e-04 3.801295467956377857e-04 3.410290811306940857e-04 3.028220463647664186e-04 2.648276822440982694e-04 2.266844342976692250e-04 1.878436638123043431e-04 1.474329156046361568e-04 1.040733652599356782e-04 5.562876117851063345e-05 0.000000000000000000e+00
1.012763108723683126e-03 9.944613713058231969e-04 9.783755660653010479e-04 9.687178520903491413e-04 9.622785770569285049e-04 9.428573683711629618e-04 9.226229596153396684e-04 9.129233922171612562e-04 8.813719396658621988e-04 8.571869272569826925e-04 8.358931815139264898e-04 8.161217778405475617e-04 7.956027231476080555e-04 7.731134229665697234e-04 7.519887110001077313e-04 7.303068365037507182e-04 7.041613284323743104e-04 6.783230422686533029e-04 6.419054223113704587e-04 6.188594101849604658e-04 5.943356651414739974e-04 5.687614390863096137e-04 5.428755722639077652e-04 5.167172412978057175e-04 4.898854173676703890e-04 4.612598665391414365e-04 4.326182837581694788e-04 3.800685552565732039e-04 3.410290811306940857e-04 3.028220463647664186e-04 2.650975585476246553e-04 2.271614321731372859e-04 1.886129443391006263e-04 1.487476011416361346e-04 1.062524452372474055e-04 5.844839459038379847e-05 0.000000000000000000e+00
1.016129569760351259e-03 9.964476028559599453e-04 9.783755660653010479e-04 9.687178520903491413e-04 9.673960203702069646e-04 9.476006985499340913e-04 9.226229596153396684e-04 9.129233922171612562e-04 8.820152758645511369e-04 8.596008391358996243e-04 8.385433783198716030e-04 8.189171293477123977e-04 7.984690761742863898e-04 7.758367987331870295e-04 7.548866407049556384e-04 7.337276268640202095e-04 7.076106955995661299e-04 6.795452068179611265e-04 6.481929460054528100e-04 6.215384101709962731e-04 5.957889928183964868e-04 5.694905416163618646e-04 5.421619449222840701e-04 5.151982153309790907e-04 4.872456002615076285e-04 4.576525634395443853e-04 4.277234623491985564e-04 3.786177194533546769e-04 3.402483044018646892e-04 3.027427156543881768e-04 2.650975585476246553e-04 2.271614321731372859e-04 1.886129443391006263e-04 1.487476011416361346e-04 1.064628556882709433e-04 6.010429163727285629e-05 0.000000000000000000e+00
1.022498883055931052e-03 1.001722723628518680e-03 9.796211976547699023e-04 9.676873723001140843e-04 9.725320321677681425e-04 9.512992491843344760e-04 9.244684167814020467e-04 9.050456041087298837e-04 8.828803927571748228e-04 8.613210374812857234e-04 8.407320406408694269e-04 8.214621420027380357e-04 8.012432079100340098e-04 7.785573868117285148e-04 7.579711884437450621e-04 7.379431287369529746e-04 7.139568721138634050e-04 6.795452068179611265e-04 6.489446924602880430e-04 6.233750414412916017e-04 5.974569618342924493e-04 5.706800149722588431e-04 5.421328658970302585e-04 5.141301323009524324e-04 4.851503048126463709e-04 4.543951623385919123e-04 4.230218077155764307e-04 3.764860244071450740e-04 3.386897210782600183e-04 3.013366381150154477e-04 2.638862000011451625e-04 2.260818075063814969e-04 1.876037094390185713e-04 1.480552078445230505e-04 1.064628556882709433e-04 6.010429163727285629e-05 0.000000000000000000e+00
1.034110063756758530e-03 1.016457876539615538e-03 9.978384447460893723e-04 9.721699009916257581e-04 9.948251116791684799e-04 9.636708014947226088e-04 9.324170093559096565e-04 9.079335790044108052e-04 8.850139221758840814e-04 8.634905254433486227e-04 8.431601082554858722e-04 8.242884640978768345e-04 8.043584987212035750e-04 7.815105409704027140e-04 7.611255615217706787e-04 7.418667095059860691e-04 7.179409193718646904e-04 6.743742350511594628e-04 6.501055806026499392e-04 6.251371093605346272e-04 5.993189771770519999e-04 5.720008401324845485e-04 5.429576745935979411e-04 5.136631995090471187e-04 4.836848531590742708e-04 4.517830546297758355e-04 4.188358790128629289e-04 3.741736853625533821e-04 3.367521005790843447e-04 2.992938222391594181e-04 2.615064697522111962e-04 2.232386803190240766e-04 1.843908687561724574e-04 1.448359895839059809e-04 1.034152129856434973e-04 5.801184651164558120e-05 0.000000000000000000e+00
1.041306791860713808e-03 1.023352985854223502e-03 1.005225182507202492e-03 9.817505732650569361e-04 9.948251116791684799e-04 9.636708014947226088e-04 9.346060861925273343e-04 9.106226761581779879e-04 8.876158836880891937e-04 8.661640563465615276e-04 8.460530036181250447e-04 8.276357648528206859e-04 8.080507721222002053e-04 7.848099911211444931e-04 7.643046252277118811e-04 7.456232608112309561e-04 7.209401266098640782e-04 6.761880466651430882e-04 6.527452368894943882e-04 6.279161037800953674e-04 6.019787243106993922e-04 5.741931327272984135e-04 5.446239683330055155e-04 5.147920733940295965e-04 4.836883472061850485e-04 4.502552644969020734e-04 4.160590235235137394e-04 3.723820210222940808e-04 3.351091613597802937e-04 2.974943680438991577e-04 2.593168240746919983e-04 2.204504190161808751e-04 1.807805008250584137e-04 1.401089608834403142e-04 9.783950606665815265e-05 5.261843512819271059e-05 0.000000000000000000e+00
1.043390071412193159e-03 1.023352985854223502e-03 1.005225182507202492e-03 9.842584302740468687e-04 9.874023590227334890e-04 9.610522731248438135e-04 9.360505979803158830e-04 9.134494758793901357e-04 8.908349724766012698e-04 8.695621921945564329e-04 8.496931936838658184e-04 8.318647563650947725e-04 8.128045659422507242e-04 7.889023023963484841e-04 7.678233891978967270e-04 7.497831983030716230e-04 7.209401266098640782e-04 6.803662213304616192e-04 6.572242583621822152e-04 6.319098728554642819e-04 6.054327705470834283e-04 5.772766949059956413e-04 5.472153876928911214e-04 5.169301464634979857e-04 4.853860800700831907e-04 4.512841590202809768e-04 4.160901833915360429e-04 3.718881276196698378e-04 3.347276434738832764e-04 2.967269421160345232e-04 2.581061543767077860e-04 2.186260561817760862e-04 1.781815420136374979e-04 1.366206454299479347e-04 9.347107465617985201e-05 4.807595197551939987e-05 0.000000000000000000e+00
