outputs/no_oyster_flood_vel.asc
ncols 259
nrows 149
xllcorner 0.0
yllcorner 0.0
cellsize 1.15722698403
[rows 17 to 33 of 149, columns 111 to 147 of 259]
-5.715138508854178580e-06 -4.988417719092019086e-06 -4.234040105196524069e-06 -3.437340678370460095e-06 -2.577425007227416341e-06 -1.600173797421113941e-06 -3.896382102941362727e-07 1.304513953335125904e-06 3.988825096110377091e-06 9.559159722112901974e-06 3.906353946261522612e-05 -6.988770862841363202e-06 -2.256190747300915905e-04 -4.182082904132895448e-04 -5.929062010132660687e-04 -7.829915303389655854e-04 -7.468265458184094804e-04 -7.824330397104100037e-04 -7.162075352522158768e-04 -7.173972000246769867e-04 -7.103749390091739641e-04 -5.692905142572609808e-04 -2.201785990042936137e-04 2.534865094190660991e-04 -3.176473206365956195e-04 -5.896226222642609932e-04 -3.658202685978609032e-04 -2.692848191216346216e-04 -7.019677598009070694e-05 -7.040538303480487045e-05 1.422354248190728192e-04 3.548759433069709939e-04 7.250145521895494643e-04 6.613245973717727343e-04 4.945809456707873355e-04 2.789885789690801769e-04 1.446750527841514594e-04
-6.121574405582295533e-06 -5.444025976507119565e-06 -4.726131513559578570e-06 -3.975092292612271682e-06 -3.203851523181600004e-06 -2.377944119731015463e-06 -1.407967288947086633e-06 -2.625922409720961528e-09 1.703298795182567822e-06 1.703298795182567822e-06 3.906353946261522612e-05 -3.248998965335894132e-04 -7.279291512054305441e-04 -7.653396679112619682e-04 -7.171715059858540815e-04 -6.106552704915482006e-04 -6.338763928544351948e-04 -7.824330397104100037e-04 -1.032601931137148684e-03 -8.473430372510508445e-04 -6.849218973709822206e-04 -4.106850225895155877e-04 -1.728772964086472657e-04 2.534865094190660991e-04 3.921973257380790873e-04 -7.773311155306208520e-05 -4.464464185245337969e-04 -3.949453644838805846e-04 -5.202722150049136213e-04 1.593580597669618209e-04 3.105273707671523352e-04 3.548759433069709939e-04 7.250145521895494643e-04 6.613245973717727343e-04 4.075373315439155563e-04 1.307444930039678300e-04 1.861402006506128275e-04
-6.544883232178058141e-06 -5.939980267795078889e-06 -5.251367679921598519e-06 -4.533045455337768662e-06 -3.884944673155351364e-06 -3.299783869374592675e-06 -2.861660903353157903e-06 -1.610349149209687401e-06 -1.610349149209687401e-06 -2.401273355065879726e-05 -3.664900454793790208e-04 -1.018997309039773157e-03 -9.534671682308833770e-04 -8.075309901763647177e-04 -7.750619550345672288e-04 -6.106552704915482006e-04 -6.176238246186131721e-04 -7.212348380250428737e-04 -8.718343340633978632e-04 -7.066551697907549586e-04 -5.225674377085954289e-04 -3.522274188113590611e-04 -1.728772964086472657e-04 1.567424372683813864e-04 3.921973257380790873e-04 -7.773311155306208520e-05 -5.023222823209726228e-04 -5.240579079589210206e-04 -5.202722150049136213e-04 1.593580597669618209e-04 3.105273707671523352e-04 5.781314826088165826e-04 1.244534291415451497e-03 9.262104379091297586e-04 3.276826519012964378e-04 4.689432275017201528e-05 3.279141064833789227e-04
-7.018365809755881578e-06 -6.519644182573858663e-06 -5.806313482992893915e-06 -5.020777175662645905e-06 -4.503097844727503407e-06 -4.074585781258751526e-06 -4.074585781258751526e-06 -5.128543305881431771e-06 -2.567769995342544733e-04 -5.927489434472575300e-04 -1.351021821364024314e-03 -1.232710034510119948e-03 -9.534671682308833770e-04 -7.437791205202379631e-04 -8.208165790587616979e-04 -7.764871588365901151e-04 -6.176238246186131721e-04 -5.380529110834374445e-04 -4.294991911009157608e-04 -5.546497001444703357e-04 -4.207043920408208028e-04 -2.039062878226891940e-04 -2.630683300607982280e-04 -3.846453416055350657e-04 -3.735084322087499527e-04 -3.808439443579226570e-04 -6.056544563374244034e-04 -6.829489710539964975e-04 -8.340342791657882416e-04 -6.249284184984301013e-04 -7.608896068172616670e-05 5.781314826088165826e-04 1.362098395377384216e-03 1.625497239982125371e-03 1.011220674151973786e-03 3.742099230690386531e-04 3.279141064833789227e-04
-7.618917253517892701e-06 -7.313917169751597212e-06 -6.433464893812998236e-06 -5.240651919592606523e-06 -5.032083748833293632e-06 -3.366918105051779796e-06 -3.366918105051779796e-06 -1.895476597255722740e-04 -1.045921048529017397e-03 -1.636093505459431177e-03 -1.875234632389871734e-03 -1.626766954046730699e-03 -1.138129399736487928e-03 -7.437791205202379631e-04 -8.390537759093182188e-04 -9.408091805976420089e-04 -8.951565364781571789e-04 -5.380529110834374445e-04 -1.769307649405018387e-04 -1.386055991600909046e-04 -3.432271642922610959e-04 -2.039062878226891940e-04 -3.850479692651516623e-04 -1.026196923278299570e-03 -1.486067036065859704e-03 -1.097625360027447167e-03 -5.062955225691061819e-04 -4.406543674682416125e-04 -3.615547611184738983e-04 -2.095853648531587597e-04 -6.496496384934675431e-05 2.136092637854228337e-04 1.362098395377384216e-03 1.625497239982125371e-03 1.011220674151973786e-03 4.246561522206075733e-04 3.327896608685896175e-04
-7.792949262569017822e-06 -8.502659453628025920e-06 -7.372977002914712336e-06 -4.476281860061202871e-06 -4.476281860061202871e-06 -7.786694279141926747e-06 -8.388879448236778659e-05 -1.315163560794282592e-03 -2.338706424741375609e-03 -2.052007377469278714e-03 -1.663448184040822175e-03 -1.506657700529510273e-03 -1.452759651651648522e-03 -1.322617694638717530e-03 -1.228127638693815365e-03 -1.158077465906488281e-03 -1.175432525762310334e-03 -6.314167740814165741e-04 -1.769307649405018387e-04 -1.386055991600909046e-04 -3.432271642922610959e-04 -2.306269677028199188e-04 -5.085487980913544481e-04 -1.386693012078693121e-03 -8.421225760134650601e-04 -3.548279767642274394e-04 -1.468893903021718848e-04 -1.401845943017854154e-06 3.693243556919786921e-07 1.683881948274500548e-06 2.622691757104359378e-08 4.438709265490047101e-06 2.864952742073557696e-04 6.143127513456888948e-04 7.387258208032161655e-04 4.246561522206075733e-04 3.327896608685896175e-04
-7.682805837903410029e-06 -9.915128949322928801e-06 -6.990257498221298790e-06 -6.111212453885051385e-06 -1.065233437666209194e-04 -5.520977060378841729e-04 -1.204999795835294150e-03 -1.549866725624050217e-03 -1.866039082094308674e-03 -1.684343407610745759e-03 -1.394403498272771573e-03 -1.356560021546810270e-03 -1.702237270780991921e-03 -1.517560006974791017e-03 -1.475092057082873264e-03 -1.310377325776712620e-03 -1.226158155778308417e-03 -1.040526846355180552e-03 -8.487314289755216925e-04 -6.613928465098128885e-04 -5.944611349484505390e-04 -7.375651378233129057e-04 -9.452708039781597708e-04 -6.265134166676101200e-04 -2.085563382583514370e-04 -1.585268843270826124e-06 9.288407847654680515e-07 -3.824769515156605014e-07 3.693243556919786921e-07 1.683881948274500548e-06 2.622691757104359378e-08 -2.730462582241269661e-06 -4.339387850096033298e-06 2.022295872657231704e-05 9.974458201265894587e-05 7.686633826915040789e-05 1.192272715058007677e-04
-1.514292038777937433e-05 -1.312801460145610040e-05 -6.990257498221298790e-06 -5.173922810151884233e-04 -1.145742104383770232e-03 -2.087614558753331587e-03 -1.658793820133067131e-03 -1.549866725624050217e-03 -1.725766638958509689e-03 -1.684343407610745759e-03 -1.394403498272771573e-03 -1.356560021546810270e-03 -1.451551689232377261e-03 -1.103597433806520218e-03 -1.050402736550349768e-03 -1.098704870476627238e-03 -1.104032673659209596e-03 -8.960757086912913899e-04 -8.000878352398120997e-04 -7.730014643941437395e-04 -8.162901119454780670e-04 -8.710759001497315719e-04 -4.643390114475311561e-04 -1.022303994105367510e-04 -1.416434028200133648e-06 -1.276992556474183770e-06 9.288407847654680515e-07 -3.824769515156605014e-07 -2.710044726791918344e-07 -1.997116467140632484e-07 -1.142326194755587479e-06 -2.551089372305904262e-06 -3.442954759930210531e-06 -4.021712818644591738e-06 -2.021257128729437609e-06 1.488268192157471079e-06 3.283648894806396869e-06
-8.737813502663368918e-05 -1.386355379215730517e-04 -8.757554457748463776e-04 -2.302919321456618762e-03 -2.436095635669988536e-03 -1.974560887747972993e-03 -1.658793820133067131e-03 -1.578230491790634819e-03 -1.666094960898962087e-03 -1.731436276319773095e-03 -1.721061373879126735e-03 -1.502912788141250958e-03 -1.451551689232377261e-03 -1.103597433806520218e-03 -1.050402736550349768e-03 -1.093387145447390811e-03 -1.005743751111671472e-03 -7.893557770906751677e-04 -6.019966289294453486e-04 -6.068004179967124425e-04 -7.824383795230425423e-04 -4.597251530724325171e-04 -1.144504646001861939e-04 -1.383229414568173525e-06 -1.416434028200133648e-06 -1.276992556474183770e-06 -6.050281638579342799e-07 -7.858981751308625804e-07 -8.711536481789175124e-07 -1.069397867696095142e-06 -1.665357467637944083e-06 -2.365582679414037130e-06 -2.776556029784635283e-06 -2.914593921766468981e-06 -2.434266287723078070e-06 -1.408411975857398792e-06 3.283648894806396869e-06
-3.819269242836281384e-04 -5.746633523704192982e-04 -1.256854778314075907e-03 -2.214404403320369835e-03 -2.152178442766583197e-03 -1.899472708968835384e-03 -1.689775828477150729e-03 -1.614646905450878517e-03 -1.487524719992732803e-03 -1.554038710074695864e-03 -1.734489627286529010e-03 -1.974330791803164970e-03 -1.601997972462626237e-03 -1.177058243665755032e-03 -1.092289060271880346e-03 -1.051254226380155237e-03 -1.005743751111671472e-03 -7.893557770906751677e-04 -5.907456688019892092e-04 -5.217569664357299018e-04 -4.368534224178815574e-04 -1.561086000487299865e-04 -2.114102601686688575e-06 -1.383229414568173525e-06 -1.568048686405239051e-06 -1.501239190567386278e-06 -1.286062708592055588e-06 -1.284933936970928711e-06 -1.358314077209543574e-06 -1.541368708253034962e-06 -1.898616435794271823e-06 -2.236068879771738436e-06 -2.383092758028093845e-06 -2.342767582023974179e-06 -2.007457791086601216e-06 -1.408411975857398792e-06 -7.433477483753050582e-08
-3.105097149039142161e-04 -7.810787498392900976e-04 -1.758951205763407098e-03 -2.214404403320369835e-03 -2.015325688730850665e-03 -1.899472708968835384e-03 -1.799751711607290930e-03 -1.614646905450878517e-03 -1.487524719992732803e-03 -1.554038710074695864e-03 -1.614577081978719672e-03 -1.526656771530164559e-03 -1.095306824627180660e-03 -8.981542691990957068e-04 -8.391840801537878841e-04 -8.557531817824730845e-04 -8.557531817824730845e-04 -8.179174678673085171e-04 -4.009107107105423199e-04 -2.857071020707283417e-04 -1.123352639980884057e-04 -2.466937015357045309e-06 -2.114102601686688575e-06 -2.020741601008601208e-06 -1.971292112285062007e-06 -1.873852810798491279e-06 -1.753049542972157207e-06 -1.709460786951282535e-06 -1.735800015435231277e-06 -1.839146452312678872e-06 -2.022156887872130832e-06 -2.173443193772421733e-06 -2.176978540531906357e-06 -2.065925857214484072e-06 -1.808047075103284522e-06 -1.444750219495649022e-06 -9.123210046846271862e-07
-3.105097149039142161e-04 -9.038491514434172404e-04 -1.537687745842892910e-03 -1.828447173662991945e-03 -1.813083882381238444e-03 -2.012858707444388842e-03 -1.808488234482878232e-03 -1.652962159673599654e-03 -1.560552670959460724e-03 -1.556127877583609763e-03 -1.606340897801766246e-03 -1.180246309521986413e-03 -8.082049439404239560e-04 -6.277349756439836977e-04 -6.321645352659646363e-04 -7.279111337358238785e-04 -6.350580842191892164e-04 -4.152374382726063532e-04 -1.220740319210168387e-04 -5.954048647302908350e-06 -2.823671686363971070e-06 -2.823671686363971070e-06 -2.931867724915762958e-06 -2.614342275494192311e-06 -2.422525350927755129e-06 -2.269830397368951353e-06 -2.142821865546557812e-06 -2.064059652426730146e-06 -2.036278745267525795e-06 -2.057260197690166800e-06 -2.114795783609547051e-06 -2.165929571176361258e-06 -2.085452353113031083e-06 -1.935910231198798123e-06 -1.707994545758172421e-06 -1.428821196354403458e-06 -1.121621934463205402e-06
-7.050937624119054791e-04 -1.078781586390231521e-03 -1.398906574928145130e-03 -1.547083674564243535e-03 -1.466566673539855710e-03 -1.422755309238163445e-03 -1.243589926592556395e-03 -1.232291932835081040e-03 -1.290540886600290106e-03 -1.351817898267864771e-03 -1.336654355833011114e-03 -9.261133747564815992e-04 -6.069626239330169672e-04 -4.875679488642779510e-04 -4.466295858296502348e-04 -4.530610113066142731e-04 -3.239106024768413183e-04 -1.564266841188285655e-05 -3.917265317034808855e-06 -3.052621282873154297e-06 -3.052621282873154297e-06 -3.277252628663426749e-06 -3.418358715519835994e-06 -3.082234425124826130e-06 -2.834636618562736917e-06 -2.640121562203300197e-06 -2.484347869418782387e-06 -2.367677211941376566e-06 -2.287995115517923075e-06 -2.238819809570928822e-06 -2.206322855103675515e-06 -2.165929571176361258e-06 -2.062991069544541903e-06 -1.884268168709518679e-06 -1.659199680376181346e-06 -1.401545741034889984e-06 -1.136295418331421049e-06
-1.001769925316273050e-03 -1.167478485790202124e-03 -1.398906574928145130e-03 -1.547083674564243535e-03 -1.397275057059041209e-03 -1.117488162572957515e-03 -1.075133319181254378e-03 -1.067456168704863928e-03 -8.904677011313066968e-04 -7.967868786896015057e-04 -8.449965758922462020e-04 -7.269062729690344568e-04 -4.878135513326584821e-04 -2.725652367778679322e-04 -2.305121165537334256e-04 -1.485355111070894721e-04 -8.289299201105097676e-06 -1.627393150574600054e-06 -1.627393150574600054e-06 -3.132150075139636881e-06 -3.397569362816977165e-06 -3.662607445530844966e-06 -3.786600494036631824e-06 -3.461600090922372858e-06 -3.193665135995269924e-06 -2.971671363462550983e-06 -2.786770837984058027e-06 -2.634306210402355683e-06 -2.509204695292081346e-06 -2.403701069971946508e-06 -2.305746256057731947e-06 -2.198499882716559375e-06 -2.062991069544541903e-06 -1.878971693718712799e-06 -1.642990266002029526e-06 -1.381866669077422370e-06 -1.106459083159369280e-06
-9.860661919490094907e-04 -1.178729628139508828e-03 -1.434450584502539776e-03 -1.499253194425632365e-03 -1.272232613587001831e-03 -9.087501158642571518e-04 -9.226957628133510740e-04 -8.570831839944470856e-04 -6.913864608500892069e-04 -5.243859570235245978e-04 -3.522525768772767434e-04 -9.016150249653559880e-05 -1.238407443846036872e-05 -1.153844925081152963e-05 -1.076915770916997575e-05 -2.883517808338189569e-06 -2.524268075263915604e-06 -2.524268075263915604e-06 -2.797281928158622984e-06 -3.392860443026259213e-06 -3.742898647724539331e-06 -4.026508495569001491e-06 -4.100853480479319648e-06 -3.783900308532467516e-06 -3.506752471033579451e-06 -3.266127917667525807e-06 -3.056757908652122928e-06 -2.873572096391493018e-06 -2.710816385275787561e-06 -2.561033518966989284e-06 -2.414461216438853963e-06 -2.259332634087368188e-06 -2.083743873638923586e-06 -1.878971693718712799e-06 -1.642990266002029526e-06 -1.376471586113277448e-06 -1.082460171834302311e-06
-9.860661919490094907e-04 -1.272788968592962521e-03 -1.602573693708108033e-03 -1.499253194425632365e-03 -1.272232613587001831e-03 -7.807045198121837599e-04 -5.977446877537529162e-04 -3.082164438798148400e-04 -9.538253039970030834e-06 -9.601610862019062812e-06 1.328332357053497426e-05 1.328332357053497426e-05 -7.876022606368800378e-06 -6.027763216666534982e-06 -4.378243070114790356e-06 -3.859618031982490607e-06 -3.589392671216533898e-06 -3.589392671216533898e-06 -3.644606043769799863e-06 -3.899111121082266032e-06 -4.154656289486002464e-06 -4.400200535658188391e-06 -4.380831580580995404e-06 -4.066395191695125809e-06 -3.783316521938816119e-06 -3.529329927521860452e-06 -3.300560782565355569e-06 -3.092407881235993045e-06 -2.899455230452679347e-06 -2.715155404181176402e-06 -2.531732456643446714e-06 -2.340625563554999453e-06 -2.133680097205281095e-06 -1.904884466524204493e-06 -1.651923020836189954e-06 -1.376471586113277448e-06 -1.073855030624784557e-06
-8.086080471615287452e-04 -1.083072572419252651e-03 -9.849600814413766482e-04 -9.849600814413766482e-04 -1.009428177222981013e-03 -3.773712755376510070e-04 -1.141279426096051774e-05 -7.679726611473882325e-06 -6.778320798386315872e-06 -5.604354680112092109e-06 -4.113697669508430691e-06 -2.626073747516874641e-06 -7.145401968920061333e-06 -6.056542206511350776e-06 -5.110355979189804732e-06 -4.587318578260313926e-06 -4.329078533850149746e-06 -4.292638454621999308e-06 -4.292638454621999308e-06 -4.404321708047315144e-06 -4.576414853478354568e-06 -4.774241188236172137e-06 -4.630177253588563928e-06 -4.317532355728267396e-06 -4.030788497504672928e-06 -3.767314487915961578e-06 -3.523747412851659726e-06 -3.296043415534524713e-06 -3.079441251117836190e-06 -2.868400410661816846e-06 -2.656687642399169118e-06 -2.437757066284498551e-06 -2.205466485103081974e-06 -1.954963054336776850e-06 -1.683345764704942147e-06 -1.389636482705008595e-06 -1.073855030624784557e-06
