outputs/no_oyster_ebb_vel.asc
ncols 259
nrows 149
xllcorner 0.0
yllcorner 0.0
cellsize 1.15722698403
[rows 102 to 118 of 149, columns 148 to 184 of 259]
1.271199026246246262e-03 1.206709906417041071e-03 1.067638168743001654e-03 1.033617770344813242e-03 9.147694272497545196e-04 8.013525608562929075e-04 7.091642601957552161e-04 6.464267788509184048e-04 6.316517000687866873e-04 6.126334266924763966e-04 6.369864762981333967e-04 6.566471714475362927e-04 6.973424368626158446e-04 7.164854031265915652e-04 7.295287552831524391e-04 7.429595241271191603e-04 7.595642683749535612e-04 8.182705694458952336e-04 9.234347334839398133e-04 1.020273995628131298e-03 1.064776468922515968e-03 1.125880248002616166e-03 1.192468975100579405e-03 1.274244428488889667e-03 1.501282365230518188e-03 1.662935008314757671e-03 1.662935008314757671e-03 1.536949874441156331e-03 1.311763779374668830e-03 1.137721972575603995e-03 1.171751978460480346e-03 1.171751978460480346e-03 1.147737224050627029e-03 1.174704019812494900e-03 1.268812254306582758e-03 1.301488576215692515e-03 1.387246732729890616e-03
1.186340737041850432e-03 1.151090521653427932e-03 1.213128881311938091e-03 1.213128881311938091e-03 1.177004569898403366e-03 9.083326030949024450e-04 7.713013767156444173e-04 6.682556618916104000e-04 6.183100402752929282e-04 5.718695365759551320e-04 5.682449390093988585e-04 6.191954289784901101e-04 6.632115029309551589e-04 6.748079781906016856e-04 6.873579539788433890e-04 6.873579539788433890e-04 6.919639364293288025e-04 7.624753129837085917e-04 8.269923877187216298e-04 8.859375055154715493e-04 9.464245739945481442e-04 1.047676092742629321e-03 1.154140018441733280e-03 1.364002260987502452e-03 1.792734476062666756e-03 2.098131413749928890e-03 2.098131413749928890e-03 1.921165510521708527e-03 1.517881664652440945e-03 1.360759532893264035e-03 1.613537362620289005e-03 1.713718087107537471e-03 1.713718087107537471e-03 1.623259333962986549e-03 1.515857741129657222e-03 1.460928803497994711e-03 1.439090720292823724e-03
9.878902709623182867e-04 9.542859670188183485e-04 9.660942423010015524e-04 9.660942423010015524e-04 9.387736248413490773e-04 8.280527755353676075e-04 7.660503026349393518e-04 6.756247002016746309e-04 6.049658306418326118e-04 5.707974059656629453e-04 5.210219343059757776e-04 5.194251181528243382e-04 6.229781643503889271e-04 6.530317976554973064e-04 6.530317976554973064e-04 6.482823879273989960e-04 6.417671239884587247e-04 6.707837764952377831e-04 6.758150422942314512e-04 6.968294162076585536e-04 7.446176313518617848e-04 8.414153351799896459e-04 9.900919108773527291e-04 1.273366816802353786e-03 1.658545557224162630e-03 1.956530919364649675e-03 1.961044293703734405e-03 1.961044293703734405e-03 1.587588580847450886e-03 1.482258540678192075e-03 1.772204721923568331e-03 2.015404245208709828e-03 2.063510012284332142e-03 2.063510012284332142e-03 1.982800499288800249e-03 1.831634555626634499e-03 1.676597033845952890e-03
7.473343493706221651e-04 6.017765278280552904e-04 6.179338588407680150e-04 7.937180224405911665e-04 8.307668154821441948e-04 8.307668154821441948e-04 7.641123821869304916e-04 6.896027078834235250e-04 5.982696369969276590e-04 5.526950549800157316e-04 4.665901255522121442e-04 4.433023097438923920e-04 5.756385697269949175e-04 6.897061016557448025e-04 6.963311418649802782e-04 7.136119831024480362e-04 7.647322995060628096e-04 7.900100849477417189e-04 7.900100849477417189e-04 7.269096091497730247e-04 6.624158199553162839e-04 7.484407484185181961e-04 9.286295090111787356e-04 1.207346461278571096e-03 1.443520034662120182e-03 1.500832714002014751e-03 1.500832714002014751e-03 1.429799866356986412e-03 1.288787181027055331e-03 1.417908876992698356e-03 1.708418247439674612e-03 2.029033762658720864e-03 2.202997939204849685e-03 2.207307622619778583e-03 2.207307622619778583e-03 2.089546866180275360e-03 1.964723214742113231e-03
6.211459527719848193e-04 4.862153066893903203e-04 3.396407592506884643e-04 3.569160098214243094e-04 5.179904308709501037e-04 5.844429180724982449e-04 5.976741811815444554e-04 5.976741811815444554e-04 5.820943202984984587e-04 5.210199191509984297e-04 3.967310319771799034e-04 3.478426300949950681e-04 5.630239946576105683e-04 7.346093123024770646e-04 7.346093123024770646e-04 7.023076740404515968e-04 7.023001477151308118e-04 7.808022349319480642e-04 7.808022349319480642e-04 7.505050598565678882e-04 6.824475566185008368e-04 6.717100065777885029e-04 8.362696414406225673e-04 1.058301040490704746e-03 1.145129614262612935e-03 1.148536381345012340e-03 1.148536381345012340e-03 1.086647745095100249e-03 1.056508924946291490e-03 1.178909113539441857e-03 1.432473553409599910e-03 1.748886743320298386e-03 1.988367659642178119e-03 2.126468280870714555e-03 2.175704402408658571e-03 2.183095399204534794e-03 2.183095399204534794e-03
5.186061633158493573e-04 3.867180805927137427e-04 2.715608265159968199e-04 1.167083566760766485e-04 3.351732971708810266e-05 2.630248556026699796e-04 4.693597267179219269e-04 5.063427568431921877e-04 5.063427568431921877e-04 4.757391626325735120e-04 4.463540205159110619e-04 3.688563577593617204e-04 3.574497771382619178e-04 3.991617316895373913e-04 4.379724453887556758e-04 5.061512215025599322e-04 6.069548197989262702e-04 7.354721599555358313e-04 8.198467387885184773e-04 8.198467387885184773e-04 7.928834421326266032e-04 7.170457451855246451e-04 8.749173838989359820e-04 1.184150923259656794e-03 1.322643299893742517e-03 1.322643299893742517e-03 1.228705792691998705e-03 1.069143202301683481e-03 9.525802950068952861e-04 9.696594581353069203e-04 1.189089948026604646e-03 1.468542265521203963e-03 1.720986635346065776e-03 1.929779608089553494e-03 2.099980731292520452e-03 2.169516116933058094e-03 2.169516116933058094e-03
5.066626407481105571e-04 3.504591918863891702e-04 2.794986559163462883e-04 6.193919596694909345e-05 -2.028129554608330604e-04 -3.582189402823107309e-05 1.651508847949116024e-04 3.116685604543604636e-04 3.755775758299485421e-04 4.119616991537271224e-04 4.813818620026737399e-04 4.813818620026737399e-04 4.473206019378244747e-04 3.029662762873595806e-04 2.574013211169020958e-04 3.723886193863622132e-04 5.384044117728425255e-04 7.868031081289437144e-04 9.845772443812380540e-04 9.928885622539969803e-04 9.928885622539969803e-04 8.163526975205334180e-04 7.810314705841423562e-04 9.204412690835207973e-04 1.087122908892371783e-03 1.177854325210596831e-03 1.177854325210596831e-03 1.076453317253083831e-03 9.548726080761692258e-04 8.362544111026870824e-04 8.216850074220915373e-04 1.044319851322904466e-03 1.266866756697357941e-03 1.483808124661454425e-03 1.678862164929783955e-03 1.705431785980752795e-03 1.705431785980752795e-03
6.913757736210666624e-04 4.857171800812622783e-04 1.755929938340778816e-04 -1.430501552722881445e-04 -2.489025558424251571e-04 -1.533831568645315283e-04 -5.212086672968418077e-05 5.192774450963281708e-05 1.628645727657190270e-04 2.815558838322664448e-04 4.650218572181609076e-04 4.650218572181609076e-04 4.352608472602317305e-04 1.982190105047031668e-04 2.594182319605932321e-04 4.322652551036251637e-04 6.301841945311830416e-04 7.658961788971266728e-04 7.735139636497429883e-04 7.735139636497429883e-04 7.791427146953135933e-04 8.054280525098868066e-04 8.054280525098868066e-04 8.082859531095434955e-04 9.436035348748167450e-04 1.061393188605722938e-03 1.061393188605722938e-03 1.047286331295019550e-03 9.748156311623301607e-04 8.220109335650853432e-04 6.263570178597709743e-04 7.066483516750739777e-04 8.487781147173842572e-04 1.021206678154608187e-03 1.172184922740031462e-03 1.172184922740031462e-03 1.158824022411044730e-03
6.858799550693259498e-04 3.266739818943479820e-04 4.823477260938873081e-05 -1.325327141705067878e-04 -2.449784682034266293e-04 -2.452643456745669075e-04 -2.851873772265681303e-04 -1.045426874399765690e-04 8.052616593657563175e-05 2.143527276035833511e-04 2.735888276237003229e-04 2.735888276237003229e-04 1.921272997107173160e-04 1.351816655696278457e-04 3.021895066675679437e-04 5.368281999107017526e-04 7.814894226623055572e-04 8.156386112500128849e-04 8.156386112500128849e-04 7.712465097825479433e-04 7.478399343000643237e-04 7.682224720607466577e-04 7.682224720607466577e-04 7.696312002148256257e-04 9.061376853447203209e-04 1.052007215387431183e-03 1.073514966228078906e-03 1.081843987785940150e-03 1.081843987785940150e-03 9.643474851908927269e-04 7.571699524490613795e-04 5.673895873609292742e-04 5.628420820615172250e-04 6.081492642315151345e-04 6.484131751655817198e-04 6.867409380327041662e-04 7.855291708172319753e-04
4.117365987458478267e-04 3.812940546372414665e-05 3.812940546372414665e-05 -3.855385558579055831e-05 -2.123175547284714712e-04 -3.007203348767808538e-04 -3.449167311827117783e-04 -1.914592391772878903e-04 5.439395350416365900e-05 2.490609843603713218e-04 2.680360173202080186e-04 2.680360173202080186e-04 2.210260178964229582e-04 2.357890193302512416e-04 4.065329130029347871e-04 5.983135266158369318e-04 6.511040948170500504e-04 6.607314864334875790e-04 6.607314864334875790e-04 5.591774601585446265e-04 5.492214697582198640e-04 5.987015133515089654e-04 6.023989136840868057e-04 6.351843972329467404e-04 6.351843972329467404e-04 6.318079528599445565e-04 6.937697051637070535e-04 8.558092216856168222e-04 9.003108685022452509e-04 9.003108685022452509e-04 7.564695736313797663e-04 6.869114946859086746e-04 5.930694931555970844e-04 5.823465501913545773e-04 5.581892870001818174e-04 5.245106807360616543e-04 5.503323511702668588e-04
4.827351061370669955e-04 1.156961604345167305e-04 -8.541453539612277345e-05 -1.802696712536250496e-04 -1.944288205964191736e-04 -2.858482438659310887e-04 -3.800951585925426888e-04 -3.570518716174576196e-04 5.030429584579473938e-05 3.593809577729373673e-04 4.344475653468657535e-04 4.344475653468657535e-04 4.794333601987367521e-04 4.794333601987367521e-04 3.959058809273001260e-04 4.279419730726461021e-04 4.933278206091916028e-04 4.933278206091916028e-04 4.112604243967759037e-04 3.657970082290661453e-04 5.000508235179587256e-04 6.430972328326997611e-04 7.244952977313286538e-04 7.244952977313286538e-04 7.215011239017436176e-04 6.446711512258441112e-04 5.994681524562596670e-04 6.961734007871260522e-04 8.351573582216508017e-04 1.080438692193340161e-03 1.154888911552270697e-03 1.154888911552270697e-03 1.068290479206402592e-03 9.096486970276859924e-04 7.000506589381640370e-04 4.984942376934635867e-04 4.219053375416413729e-04
3.240975211226858809e-04 1.160750351773308451e-04 -2.572238742422150795e-04 -3.284653061924633995e-05 5.346421106692043321e-05 5.346421106692043321e-05 -5.477597462716919560e-05 -2.723916898270512497e-04 -1.087425835000624868e-04 1.248021310505387227e-04 3.089181150142845402e-04 3.986646785177196204e-04 5.257689933539038242e-04 6.575187560345202012e-04 6.575187560345202012e-04 5.349965236132461169e-04 3.629647679111218600e-04 2.121382941044721475e-04 1.572316764304880650e-04 3.223867044775262543e-04 5.724769840024670044e-04 9.041683622889072148e-04 1.272179572646208682e-03 1.360232042462211112e-03 1.360232042462211112e-03 1.006051772602905257e-03 6.290101041167207212e-04 5.789799255295317859e-04 7.289811291684073803e-04 1.070256067202966180e-03 1.496899976149166159e-03 1.496899976149166159e-03 1.491300867807927172e-03 1.186923533033213372e-03 8.593679290874213506e-04 6.138513120625149365e-04 4.372931397049326292e-04
3.503196301683822705e-05 -9.810509610379736147e-05 -1.124785509697753675e-04 1.937216986600415745e-04 4.417741007053952785e-04 4.417741007053952785e-04 3.988775441640831070e-04 1.244856433632319636e-04 -1.344245944421706030e-04 -1.536932123971484739e-04 7.467010311851772757e-05 7.467010311851772757e-05 1.094448582308380044e-04 2.297964252973497940e-04 2.426826003020904040e-04 2.426826003020904040e-04 1.304521671171768988e-04 -5.572026001385516834e-05 1.367246723348572359e-04 4.299191962291807603e-04 6.747682468636748620e-04 9.705196402475619807e-04 1.400599375270033349e-03 1.731012288674508215e-03 1.731012288674508215e-03 1.563953096426890215e-03 1.057082358885247028e-03 6.454218529665848138e-04 6.831758528546974041e-04 1.175228722002340026e-03 1.618213076751390690e-03 1.719686065346178773e-03 1.719686065346178773e-03 1.387438208250773566e-03 9.910749221824111544e-04 7.139131184238002191e-04 4.910227092932007006e-04
-7.040634995006072694e-05 -8.627379563733674124e-05 1.701314352265691546e-04 4.585698150662187076e-04 6.431721795759171934e-04 6.431721795759171934e-04 4.702771941357774513e-04 3.506792039418661156e-04 -2.213629108709987841e-05 -2.594971080928876401e-04 -2.381871291729155296e-04 -2.381871291729155296e-04 -2.729234531643177052e-04 -3.804661628828940613e-04 -3.438918832780377111e-04 -2.264370338192938422e-04 -1.784982688853069754e-04 -6.586153717824528415e-05 1.546430058994961319e-04 3.943613972477992449e-04 6.426354065404087752e-04 9.440299893725196583e-04 1.247043879275371242e-03 1.491609256636069027e-03 1.558805500048465222e-03 1.558805500048465222e-03 1.108572711540763318e-03 5.719915433195008189e-04 8.077475711869673428e-04 1.241582805332136887e-03 1.623894381235589830e-03 1.699123836566518182e-03 1.699123836566518182e-03 1.317199601442745668e-03 9.385239139529845008e-04 6.596173596089046492e-04 4.163920810893704280e-04
-4.745131812897158122e-05 2.174281241834476023e-04 4.801875332155424955e-04 5.439636596232216674e-04 5.853206020490873008e-04 5.853206020490873008e-04 5.499532810267238623e-04 4.005381031715118403e-04 1.832558163184281979e-04 -1.811362228608078874e-04 -5.077088874833818669e-04 -6.122052884170096736e-04 -6.280699568296587787e-04 -9.679420583369687837e-04 -8.093613672041618037e-04 -3.501237235824592310e-04 5.181457859612334673e-05 2.587338893118703242e-04 4.058847054177958645e-04 5.291955970238700025e-04 6.043624305469479183e-04 6.796847775843200190e-04 6.796847775843200190e-04 5.817388075660293945e-04 5.255074608552651183e-04 4.096963010964999757e-04 4.051201511251731097e-04 5.395775192474321210e-04 6.022279992102707235e-04 6.550258784777182467e-04 7.660897315439632810e-04 9.282403396040264220e-04 9.991761032246738745e-04 9.991761032246738745e-04 7.452066241264536373e-04 4.795756909287000923e-04 2.757573191840790249e-04
2.156930017617094677e-04 4.666570919030335108e-04 7.135295543021030968e-04 7.634525975827554907e-04 7.634525975827554907e-04 5.481340033924385997e-04 3.569841581213092549e-04 2.776709579593204195e-04 1.303541078963076983e-04 -2.102032931816299674e-04 -6.195336260569811243e-04 -8.055989772274089458e-04 -8.388818139147188055e-04 -9.325364694322185516e-04 -6.214130055111059163e-04 1.655203553495959476e-05 6.038668346119927931e-04 6.038668346119927931e-04 4.929202208680150566e-04 4.087352458776133228e-04 3.724767053242922471e-04 4.667075096049683202e-04 5.211471306294873868e-04 5.211471306294873868e-04 2.462740868240006738e-04 1.915945037709200082e-04 3.502517401908003536e-04 4.624611805575481907e-04 5.271719706866736166e-04 5.521737854617711320e-04 5.559060655447757701e-04 6.635549612626303771e-04 6.635549612626303771e-04 6.220955713456946317e-04 4.143251023597106070e-04 2.520515806450087889e-04 1.533748914292645371e-04
5.579717643529846479e-04 8.853254287080821209e-04 9.558102099454636544e-04 9.558102099454636544e-04 6.323683618869795986e-04 2.651904003406561883e-04 1.059238046157087455e-04 9.587979537885344555e-05 3.271513689853854036e-05 -1.598900536179393957e-04 -4.265786420913431965e-04 -6.214953063771668125e-04 -6.276954279957395978e-04 -4.298959619383133633e-04 -1.841324952729039247e-04 2.718167657205788771e-04 7.033153048914580390e-04 1.021998470223767566e-03 1.021998470223767566e-03 7.576959151182142407e-04 4.761985245528747661e-04 3.069381262282013206e-04 2.881139232042035660e-04 1.782327761371542581e-04 -7.138585202148401397e-05 1.435296730985529019e-04 5.001927129349443679e-04 5.940734373117784531e-04 5.940734373117784531e-04 4.634713820189025361e-04 3.477124581674508313e-04 3.256443941557693716e-04 3.256443941557693716e-04 2.883479664832382713e-04 1.961095773507168791e-04 8.223601530063336302e-05 -5.706130727605820307e-05
