outputs/no_oyster_ebb_vel.asc
ncols 259
nrows 149
xllcorner 0.0
yllcorner 0.0
cellsize 1.15722698403
[rows 34 to 50 of 149, columns 111 to 147 of 259]
1.016706304731665065e-03 1.278361163762214503e-03 1.595693836651430452e-03 1.471217654077609490e-03 1.128606780020181572e-03 3.773712755376510070e-04 1.176981540179921605e-05 8.814829152924976655e-06 8.636847226882416947e-06 8.427644743744666254e-06 7.824597412608108612e-06 6.956903017893704123e-06 7.345525687033762651e-06 8.059556790055015686e-06 8.173451335296873972e-06 7.864487252613803873e-06 7.401584062855423224e-06 6.883698165403771142e-06 6.440363957392377644e-06 6.062306217382580604e-06 5.704557207247553713e-06 5.367371056399145315e-06 5.515867307886072785e-06 5.720400720294965217e-06 5.926423502187585230e-06 6.129223765801164665e-06 6.324720018404427915e-06 6.509471040454092751e-06 6.680733170921201785e-06 6.836558211278391814e-06 6.975886557868668534e-06 7.098548855233324300e-06 7.205075462792524667e-06 7.296252687972044769e-06 7.372459375701057670e-06 7.432923775795605313e-06 7.475069276810700898e-06
8.211771628594056235e-04 7.873370337275388152e-04 9.943165695788386011e-04 9.588431553102222784e-04 6.955499121171765517e-04 2.060012541334245721e-04 1.186133461456597030e-05 9.309298661287544895e-06 7.983965092878662984e-06 7.647523473469623829e-06 7.367215517212804131e-06 7.013873202650462726e-06 7.258248385448393717e-06 7.570833585426186923e-06 7.650123735900319841e-06 7.495388958759755755e-06 7.198326726138694802e-06 6.829281266922348157e-06 6.486079258058517665e-06 6.165315312644512169e-06 5.845588537627619878e-06 5.636726073120023502e-06 5.817446084835984539e-06 6.006689206499440736e-06 6.199244531117129140e-06 6.390848925206351831e-06 6.577959097415867470e-06 6.757671101146985413e-06 6.927718863904483906e-06 7.086511613987609421e-06 7.233164669020760885e-06 7.367467396532863423e-06 7.489735066743542872e-06 7.600518225495520045e-06 7.700188614899951305e-06 7.788456959861938492e-06 7.863860223170423476e-06
8.196369051505688610e-04 6.850204480338314408e-04 5.512865586525681144e-04 4.738768776697239267e-04 3.476515553324216316e-04 9.920609594887940116e-05 1.003844222754649747e-05 8.612275773516085106e-06 7.662191393765581095e-06 7.028571662029651068e-06 7.039838164879605470e-06 7.013873202650462726e-06 7.159731251439817835e-06 7.315405430300516156e-06 7.360821064117763911e-06 7.268618120385897030e-06 7.067052616017087747e-06 6.796531734019250713e-06 6.543901543442874060e-06 6.267287237509480454e-06 5.979605069758539141e-06 5.940001952781167849e-06 6.110501751838686585e-06 6.289665489749449418e-06 6.473016490574969355e-06 6.656968306491723777e-06 6.838596344905254945e-06 7.015535402813722837e-06 7.185959569561870496e-06 7.348604711747084835e-06 7.502793107694038534e-06 7.648420995133397885e-06 7.785879182153571671e-06 7.915896532366481096e-06 8.039319898541413527e-06 8.156855225581584139e-06 8.268767927451775766e-06
7.754912581034983238e-04 5.186507587801229922e-04 3.517461690478660406e-04 2.502005037033739969e-04 1.590723810185297536e-04 4.846362530090289427e-05 7.439170811464651741e-06 7.439170811464651741e-06 7.085075934795470121e-06 6.624498458121438238e-06 6.749692277625874107e-06 6.899020376388896272e-06 7.051397987360012244e-06 7.170235820218416233e-06 7.209136969884888434e-06 7.151209842648408961e-06 7.011323402473970075e-06 6.840959775090342528e-06 6.625707944184581140e-06 6.380327024192137052e-06 6.116598535683147634e-06 6.228847440738801313e-06 6.394893479988763713e-06 6.568454510084203790e-06 6.746187634941793620e-06 6.925411465280485841e-06 7.103922572899055177e-06 7.279914595641073567e-06 7.451979299782653732e-06 7.619154555744113616e-06 7.780982054875247651e-06 7.937544294152994244e-06 8.089464134370956310e-06 8.237868823275614806e-06 8.384339221317305531e-06 8.530876116471344296e-06 8.679907434859759799e-06
3.328475367426213705e-04 2.494149098531347228e-04 1.774985728221875516e-04 1.026724872331383388e-04 4.653577795562424446e-05 1.757129285810153039e-05 9.504023323861800950e-06 7.411814887570648876e-06 6.614443075829798598e-06 6.181151583975478316e-06 6.522344216421260498e-06 6.781118037919191964e-06 6.976604501393066022e-06 7.118890099146285466e-06 7.182429865474000763e-06 7.165405128456859085e-06 7.077249554481822573e-06 6.930276019683609687e-06 6.737643434012892148e-06 6.511714379391199219e-06 6.347988420672401819e-06 6.505902683214176868e-06 6.671770217293171734e-06 6.843071435656610202e-06 7.017868073828055054e-06 7.194567346788726200e-06 7.371767885769626581e-06 7.548221107068973484e-06 7.722888478183746985e-06 7.895052156571250558e-06 8.064436261910131354e-06 8.231309992232236215e-06 8.396564237901524242e-06 8.561775405047956843e-06 8.729292046980088860e-06 8.902402584127346049e-06 9.085670265021308090e-06
1.092382639284116507e-04 5.109896837754588034e-06 5.677421488298689305e-06 6.562722303846894863e-06 5.558939183487850943e-06 6.385468899798437019e-06 6.385468899798437019e-06 6.089622339126002013e-06 5.779729896977895236e-06 5.915592608517432977e-06 6.381181115604056666e-06 6.774813989405258412e-06 7.053598689845614498e-06 7.219228550818165079e-06 7.291143081737676182e-06 7.281386212338080315e-06 7.201993667313420653e-06 7.065251315149002874e-06 6.882875392792179393e-06 6.665626772559709520e-06 6.610132682948357787e-06 6.775004654152516414e-06 6.943213270313086178e-06 7.114192941421117803e-06 7.287645877925132547e-06 7.463221962276537423e-06 7.640360516321578670e-06 7.818313468681754275e-06 7.996301349312427803e-06 8.173729330446719745e-06 8.350400843962123030e-06 8.526695174963863034e-06 8.703707419955054327e-06 8.883376512034816305e-06 9.068650977427536951e-06 9.263771908036349878e-06 9.474807396882053149e-06
4.357183004124830788e-06 4.419295298619719662e-06 4.175565946930596366e-06 2.975183343134040999e-06 3.052396432970027601e-06 4.389290752718675235e-06 4.781475672157043014e-06 4.848548128962239091e-06 5.089347530737274380e-06 5.849026857507419050e-06 6.482086399614526272e-06 6.958869630297485313e-06 7.251453132194559840e-06 7.413282332542930009e-06 7.481527698320178202e-06 7.467002971844461902e-06 7.384087587284432952e-06 7.245860180806837341e-06 7.062980049447089313e-06 6.844305110454166318e-06 6.867756894821536658e-06 7.040769980133926439e-06 7.211885268386384099e-06 7.382841181789354294e-06 7.555300534174744520e-06 7.730314108071025678e-06 7.908138748557833972e-06 8.088370902024474211e-06 8.270274119937690108e-06 8.453162971940423679e-06 8.636742608528348887e-06 8.821362443705396512e-06 9.008193754920225486e-06 9.199372245709186354e-06 9.398163442658264265e-06 9.609226673708844526e-06 9.839094920376449977e-06
4.292312702917296964e-06 4.034535405669065054e-06 3.630363657669892301e-06 3.121975641667702068e-06 2.813493175772879612e-06 3.337822005949770984e-06 3.798441467820617053e-06 4.407186939084383196e-06 5.197826145550768665e-06 6.021616684282686274e-06 6.760164530648531583e-06 7.327124999975329914e-06 7.580061876092767734e-06 7.700919948839061709e-06 7.754682407156209686e-06 7.721010389434710601e-06 7.621493529173129649e-06 7.471121771347130002e-06 7.278879513735599411e-06 7.049039844492870564e-06 7.128329589099033905e-06 7.308433103174414775e-06 7.480716641309142381e-06 7.649985983175694221e-06 7.820400968913457092e-06 7.994595187274989337e-06 8.173509467813928680e-06 8.356757270920625266e-06 8.543261256473963288e-06 8.731905828848424367e-06 8.922044174505718294e-06 9.113818236409123233e-06 9.308332910311134306e-06 9.507755273223542699e-06 9.715403873787213095e-06 9.935876423764452897e-06 1.017525328014715392e-05
4.064820046579142373e-06 3.796169963469893390e-06 3.494182039288984881e-06 3.363056112817765495e-06 3.469149581974561091e-06 3.783737376146969040e-06 4.034144841654396879e-06 4.506908544571765524e-06 5.273153428098734197e-06 6.279449203424204521e-06 7.209830038721694835e-06 8.009403962862825558e-06 8.040749423361966160e-06 8.055653179564121718e-06 8.115271592030480811e-06 8.040862649565896670e-06 7.909754368626467812e-06 7.738253861672929045e-06 7.532376389654968952e-06 7.281598051607556092e-06 7.400601696158163219e-06 7.583916202155201468e-06 7.752562210500128944e-06 7.915985140690636769e-06 8.081722171028711150e-06 8.254156204301620436e-06 8.434546664501930722e-06 8.621887457370146742e-06 8.814107806189450532e-06 9.009154912473033166e-06 9.205710024237576388e-06 9.403533417113703411e-06 9.603564376691930409e-06 9.807912063086975853e-06 1.001982035550208430e-05 1.024362186741527937e-05 1.048462289561281404e-05
3.808073557469896310e-06 3.591142362341953500e-06 3.428218894348596608e-06 3.432880333280139533e-06 3.916311663160692048e-06 4.509969914201498911e-06 4.145134284023105983e-06 4.506908544571765524e-06 5.273153428098734197e-06 6.613196662594017873e-06 7.790302457950964415e-06 9.459911389391871712e-06 8.517878674928400354e-06 8.365671754025045954e-06 8.609888131835820530e-06 8.417414248171612359e-06 8.238407434093600787e-06 8.039762917063213786e-06 7.830774131603539693e-06 7.547187378510871918e-06 7.695971188817677088e-06 7.874067798788169238e-06 8.029630857845850253e-06 8.179670198057750183e-06 8.336346370209326816e-06 8.505760794401124973e-06 8.688633528521739037e-06 8.882138087868407652e-06 9.082127598440879160e-06 9.284895990616369668e-06 9.488107592858047192e-06 9.691041031115876989e-06 9.894479116256262128e-06 1.010050824693043240e-05 1.031234361771834542e-05 1.053416779478192209e-05 1.077086720025799279e-05
3.525011807123180906e-06 3.332107034078922015e-06 3.264495062945240829e-06 3.432880333280139533e-06 4.253246823186766863e-06 6.194696333475216290e-06 4.145134284023105983e-06 4.313148969449295410e-06 5.108429818848262454e-06 7.274605170152489328e-06 7.878271741096426554e-06 1.352206046182525925e-05 8.517878674928400354e-06 8.365671754025045954e-06 9.541194933116024411e-06 8.780498777190587654e-06 8.586698202513441227e-06 8.351616240882619603e-06 8.203769841185444621e-06 7.860616810640010005e-06 8.031215997927858291e-06 8.186752946333375548e-06 8.312223224037679602e-06 8.436718423485039509e-06 8.578232317349543081e-06 8.743907074572399750e-06 8.932088567314498386e-06 9.135903767141331539e-06 9.347368509089644541e-06 9.560193858692995689e-06 9.770783325463023021e-06 9.978043998235115755e-06 1.018280281028695610e-05 1.038729819066039692e-05 1.059487807365828051e-05 1.080983849373635032e-05 1.103725369701564495e-05
3.225546020593532017e-06 2.947778903905527971e-06 2.864773990073901471e-06 3.187658494196946159e-06 4.253246823186766863e-06 1.229229518572517607e-05 5.344559098190759554e-06 3.492123230354068430e-06 4.234220215250192574e-06 2.571657568561973523e-05 2.571657568561973523e-05 1.352206046182525925e-05 1.088444515160370698e-05 8.279267029771924223e-06 1.249512579366627854e-05 8.780498777190587654e-06 8.976270357886856916e-06 8.576234002768517691e-06 8.772072181615438082e-06 8.253959625458205494e-06 8.432713735845222963e-06 8.529504764579202137e-06 8.595790668487054493e-06 8.676747954494576999e-06 8.795957401131806048e-06 8.959546619224463055e-06 9.159909899022399549e-06 9.382019904292429987e-06 9.611248812084049404e-06 9.837727609602161171e-06 1.005678785206660261e-05 1.026754882607408344e-05 1.047138993599591745e-05 1.067100363176662678e-05 1.087003199251747203e-05 1.107305440948978581e-05 1.128571301162762778e-05
3.390399111134700714e-06 2.809742411807500407e-06 2.059163499247955301e-06 2.199732830247172856e-06 3.714320801913678053e-06 1.657571448861779915e-05 1.070030916381607016e-04 1.854533202554346132e-04 2.608656208267944769e-04 2.982296227815324605e-04 2.982296227815324605e-04 2.703726914250957863e-04 1.665820694428250511e-04 5.239216869582715992e-05 1.249512579366627854e-05 1.077890658237547932e-05 1.016546150130294082e-05 8.576234002768517691e-06 1.005432525704985896e-05 8.848680560109453043e-06 8.937641646923437299e-06 8.937641646923437299e-06 8.902761707650737110e-06 8.878525324874358819e-06 8.969302713458979871e-06 9.138412102171096101e-06 9.365984505257944189e-06 9.621017138922667903e-06 9.877879225351318172e-06 1.012267991556483266e-05 1.035109164712770014e-05 1.056397351799812876e-05 1.076420447585634907e-05 1.095529440789292064e-05 1.114119185515447334e-05 1.132663414007824368e-05 1.151768735511199961e-05
6.314065103473351204e-06 4.752247870256640193e-06 2.533382540508244696e-06 9.850463959481662094e-05 1.895654974488971702e-04 3.129373424290678510e-04 4.783600734674262013e-04 6.695660616029105094e-04 8.486291776098402965e-04 8.923651674235797727e-04 8.923651674235797727e-04 8.634917508625141770e-04 7.694544465981941177e-04 5.600205426731893121e-04 3.423972815933684502e-04 1.716470406070122240e-04 1.016546150130294082e-05 9.406750242548332714e-06 1.449487370561543352e-05 9.867325784275049274e-06 9.867325784275049274e-06 9.566410584088868015e-06 9.279213688263007672e-06 9.081669222336065579e-06 9.064316025658497581e-06 9.258814570743542776e-06 9.544598880915213405e-06 9.858184920789526447e-06 1.015657103483359228e-05 1.042402118017802920e-05 1.066092530288168375e-05 1.087304912293361498e-05 1.106616004153852939e-05 1.124477766879498213e-05 1.141280688012832697e-05 1.157460294055736650e-05 1.173594706277614178e-05
5.849649885888232758e-05 1.516502233781120144e-04 3.166915093800061324e-04 5.607039506783364699e-04 7.960141257204406216e-04 9.966871037999517138e-04 1.184778738487862054e-03 1.297276848124873485e-03 1.310621884489047853e-03 1.310621884489047853e-03 1.237525932052019285e-03 1.225637536800113165e-03 1.243332776740308345e-03 1.243332776740308345e-03 9.497486763294111373e-04 6.073351520896539931e-04 3.736006165752334975e-04 1.459118554584602333e-04 1.521458925518049983e-05 1.521458925518049983e-05 1.138800237084199223e-05 1.018146121689445385e-05 9.566013238976095708e-06 9.179412569538260541e-06 9.025782917725368331e-06 9.287931274229530037e-06 9.695411526869691129e-06 1.011055262848661357e-05 1.046619881301562573e-05 1.075590846743169131e-05 1.099553926128790737e-05 1.120113762931532858e-05 1.138260889856982359e-05 1.154484934562043104e-05 1.169065505600570493e-05 1.182302367924719402e-05 1.194644948781416228e-05
3.314405117478732557e-04 5.698954505799224985e-04 8.758846033190150317e-04 1.123665884707509763e-03 1.234224995795418041e-03 1.302532729341883671e-03 1.387175164697577231e-03 1.470544924838520714e-03 1.474450391152245989e-03 1.474450391152245989e-03 1.387559715843413423e-03 1.269489160787363189e-03 1.333797656032854840e-03 1.333797656032854840e-03 1.266960667354252506e-03 1.130581013551406602e-03 9.015221875058879652e-04 6.365157534934720845e-04 3.426987637324488693e-04 1.751132047011424048e-05 1.028863322701790499e-05 1.020541867367115928e-05 9.623965481208055991e-06 9.081022786885857792e-06 8.761939341058256603e-06 9.171716081579253638e-06 9.838563323847307558e-06 1.042241525327121625e-05 1.084176312131163237e-05 1.113787461524423056e-05 1.136418564552378134e-05 1.155335323446903833e-05 1.171828857780575244e-05 1.186135575911121519e-05 1.198194031902658311e-05 1.208038723261141194e-05 1.215919074659206807e-05
7.950263164896906841e-04 1.071500336101165532e-03 1.245776684470226462e-03 1.393336028605321030e-03 1.441118081779465274e-03 1.441118081779465274e-03 1.423950311276148519e-03 1.400876553693234175e-03 1.431046526600936522e-03 1.431046526600936522e-03 1.412428429107327873e-03 1.286768511443872913e-03 1.270933559765357029e-03 1.334833560421918620e-03 1.394993481073599330e-03 1.408934448336855629e-03 1.408934448336855629e-03 1.314691431326456316e-03 9.282203195794041725e-04 4.224635288440406998e-04 1.072761476956458822e-05 1.072761476956458822e-05 9.643407225297501818e-06 8.773492364946181311e-06 8.156975769511883695e-06 8.798430387181850899e-06 1.006471043366883543e-05 1.089878193943949445e-05 1.134056380371547220e-05 1.158964122670971727e-05 1.176997547109406262e-05 1.192980108523079289e-05 1.207583641907327824e-05 1.220034479399248043e-05 1.229536322837747183e-05 1.235739418557988217e-05 1.238720858216668567e-05
