outputs/no_oyster_ebb_vel.asc
ncols 259
nrows 149
xllcorner 0.0
yllcorner 0.0
cellsize 1.15722698403
[rows 119 to 135 of 149, columns 185 to 221 of 259]
-3.025802185883077122e-04 -3.360546360232663531e-04 -3.247888213198710087e-04 -2.606941907777888656e-04 -2.153308692912573176e-04 -1.557964136801669554e-04 -1.238335747308824382e-04 -8.370049779935794291e-05 -3.510389549943098239e-05 6.086661705285247656e-06 4.563087443240017484e-05 7.399772579497056830e-05 1.046258009243011735e-04 1.148688135043306565e-04 1.357736772228531838e-04 1.518012328191612674e-04 1.658087738714766478e-04 1.806115173177297328e-04 1.934907630279352072e-04 2.077686624927555534e-04 2.200603158605290337e-04 2.200603158605290337e-04 2.352482580325150271e-04 2.533837930071954829e-04 2.731297048526313328e-04 2.947275561149021741e-04 3.208240482682609600e-04 3.520504530919522685e-04 3.632327955066695516e-04 3.805110872641519486e-04 4.032317798933995781e-04 4.263069298191807916e-04 4.468958825361314105e-04 4.646053202446139637e-04 4.809171268903950319e-04 4.982973230450893527e-04 5.139300383704135163e-04
-3.526705527752192846e-04 -3.177661204543184284e-04 -2.821162522020477189e-04 -2.525042528062618934e-04 -1.966562372163880754e-04 -1.651168388045480193e-04 -1.200895095904550198e-04 -8.271175609144799728e-05 -4.134093231028223957e-05 -5.722490229866490011e-06 2.741584293270177912e-05 5.586549442305643236e-05 8.472390764407886868e-05 1.034811131574635908e-04 1.224409866950151892e-04 1.383221442118046291e-04 1.523736237672491424e-04 1.690526618541571399e-04 1.808180749692608771e-04 1.941408057216506750e-04 2.002139917329564742e-04 2.107194659704377719e-04 2.243930139642493578e-04 2.391608525951728821e-04 2.547656040405150393e-04 2.706977827963742982e-04 2.899618807989420670e-04 3.387609832251602137e-04 3.447526229849669265e-04 3.697209295899411331e-04 3.846307590950476252e-04 4.042928367836825447e-04 4.241318715069418714e-04 4.419308528113455141e-04 4.583534948502041018e-04 4.764730986985836383e-04 4.933141162218347957e-04
-3.130504774377368534e-04 -3.121212118910413362e-04 -2.431881482522270399e-04 -2.141614172591953876e-04 -1.762264912539976891e-04 -1.486439017697751240e-04 -1.163565631775654501e-04 -7.669110037061496483e-05 -4.195063741205492424e-05 -1.485453736440767298e-05 1.391690638957085605e-05 3.830176655207098263e-05 6.710142920278383495e-05 9.081136469307205525e-05 1.108460272227308670e-04 1.262815115913427542e-04 1.377321589180714398e-04 1.591103565137206850e-04 1.719177095102299201e-04 1.795915435023732565e-04 1.911295121750242946e-04 2.028958376802444529e-04 2.156306170749272555e-04 2.293722231383154815e-04 2.437202463673659113e-04 2.587934795175218816e-04 2.752527361131475148e-04 2.872924127721831057e-04 3.091997040033953124e-04 3.373728673730933881e-04 3.598838593682469975e-04 3.810060803304201357e-04 4.012999133422576539e-04 4.191486015908879375e-04 4.349720044739950088e-04 4.532209736372649965e-04 4.711884449889621710e-04
-2.313800491602571881e-04 -2.313800491602571881e-04 -2.114938029034950622e-04 -1.789563887541492865e-04 -1.510906357631068922e-04 -1.245125384314206953e-04 -9.783308093950783242e-05 -6.585474567693897494e-05 -3.327494593307963482e-05 -1.329291284726072007e-05 -8.267583663452025882e-06 2.567928241014333859e-05 5.418820424238936218e-05 7.832210985576063727e-05 1.006289677379372294e-04 1.168955672622439305e-04 1.297251227874810246e-04 1.455286760328555295e-04 1.617929881123518271e-04 1.721167328555019951e-04 1.833344116795004701e-04 1.952915755636897509e-04 2.082037867278522831e-04 2.218150364612439800e-04 2.370087626283117973e-04 2.548058210725654446e-04 2.794860738715521185e-04 2.794860738715521185e-04 2.851881183066953536e-04 3.121302914402875202e-04 3.357265024895935584e-04 3.577651439906550258e-04 3.786869611069460222e-04 3.965317864184488505e-04 4.109668237816458932e-04 4.284064355924031213e-04 4.486242371946321059e-04
-1.872969888993161031e-04 -1.626522571633890000e-04 -1.596734272493474877e-04 -1.456057075616944694e-04 -1.245610201877820039e-04 -9.909248266093017741e-05 -7.958954599657534421e-05 -5.260267183537211338e-05 -2.779056305122334507e-05 -2.010891332368419681e-05 -4.290531657771849245e-06 2.158581266736008002e-05 4.580802520544750346e-05 6.760357411207248090e-05 9.241672753666932774e-05 1.109688978045482200e-04 1.291850947274394382e-04 1.331544038978904945e-04 1.497885588971163142e-04 1.628545389970960432e-04 1.744205626755150412e-04 1.862038171956180248e-04 1.987914962902189917e-04 2.112872338755514918e-04 2.245569154890686913e-04 2.367304269481878686e-04 2.446747859825650659e-04 2.494752072338272454e-04 2.700425459939215841e-04 2.918900025652489561e-04 3.138223624312761850e-04 3.356218666737790525e-04 3.572734730390875755e-04 3.755556143991040400e-04 3.873260434503191462e-04 4.010723723194244074e-04 4.229404601937614204e-04
-1.558887001244278563e-04 -1.339918614609239154e-04 -1.134345452169630334e-04 -9.645123978683325429e-05 -8.733662079781787460e-05 -7.017831051558502404e-05 -5.604943125348353097e-05 -3.083433200836105349e-05 -3.083433200836105349e-05 -1.351791544480036938e-05 2.570813711322801177e-06 2.359190447142415348e-05 4.533797220085546115e-05 6.354658763077142606e-05 8.436926151598458587e-05 9.752778015901470495e-05 1.159163949263324604e-04 1.273882992731199652e-04 1.412151764333945960e-04 1.542741224854967687e-04 1.657569424207598694e-04 1.771308046859785287e-04 1.899064913152051753e-04 2.015256411248429183e-04 2.148966423000817842e-04 2.268784587205808535e-04 2.268784587205808535e-04 2.370511532246355121e-04 2.548064812646605014e-04 2.733601853812187292e-04 2.930473628197457115e-04 3.139768036442969873e-04 3.367619659398549408e-04 3.572540514517055180e-04 3.678620481584319365e-04 3.831945529212347351e-04 4.026028754331520279e-04
-1.237385307809490053e-04 -1.049848808663383497e-04 -8.541827260553288843e-05 -6.355489533908646217e-05 -5.549903507158398847e-05 -4.409699302900832614e-05 -3.516519150747226050e-05 -1.885115582357515271e-05 -1.124593442059698470e-05 7.850870156589233632e-07 1.282951576291042823e-05 3.051558592198960868e-05 4.887028903761105660e-05 6.284125638622025485e-05 7.829754935968439710e-05 8.093750965647815432e-05 1.020233443789535856e-04 1.185895164777073349e-04 1.330031148225487676e-04 1.461228340616333116e-04 1.568674538749402774e-04 1.669733878313589895e-04 1.805537104997203819e-04 1.903110761229633214e-04 2.025143320067667439e-04 2.043317734421781209e-04 2.131908353485687836e-04 2.259383425901919371e-04 2.404320468229377030e-04 2.558876312225910675e-04 2.726934835853278821e-04 2.914416317250929488e-04 3.147445956994057042e-04 3.432916323198462942e-04 3.512602934667405407e-04 3.662425359211724787e-04 3.854855087473406687e-04
-9.768989979397114953e-05 -7.944257987971698734e-05 -6.248682234145519628e-05 -4.381903025188480026e-05 -2.769817557424976789e-05 -1.556162422934567237e-05 -7.875704310045504732e-06 -7.064035389477500411e-06 6.698597022156454727e-06 1.676100797734879689e-05 2.556668447062357394e-05 4.137692355778505639e-05 5.978918767757261985e-05 7.117878366850888543e-05 7.117878366850888543e-05 7.318728738266612867e-05 9.321441211656253422e-05 1.102852025468004500e-04 1.252756142708631205e-04 1.387789957776568292e-04 1.484213449332978879e-04 1.548061055002888790e-04 1.721145275816435326e-04 1.824382338220584667e-04 1.851484083363801947e-04 1.944327316771549510e-04 2.038201877362806602e-04 2.148074006910603742e-04 2.269613385012096175e-04 2.396279929227042229e-04 2.529312702440910700e-04 2.666469396222848672e-04 2.837410227051336779e-04 3.294034489099348633e-04 3.316595572058961055e-04 3.531618755793187407e-04 3.655471110252069065e-04
-7.966102954761889040e-05 -5.744149936911097088e-05 -4.651386065859002336e-05 -2.976603518439176614e-05 -1.259496467758930220e-05 5.150741936736588486e-06 2.701123806197957639e-05 2.701123806197957639e-05 2.729409055767128935e-05 3.340448047251306097e-05 3.817217162298307064e-05 5.074108066457460979e-05 6.600436487064807267e-05 6.600436487064807267e-05 6.116437169059705538e-05 7.299396527820335386e-05 8.851291633107890883e-05 1.036983241176556565e-04 1.180076969755010190e-04 1.324566954488669854e-04 1.421380558316101550e-04 1.479654013167511087e-04 1.578805005354592982e-04 1.685709388729473711e-04 1.763172124512477827e-04 1.852696483419983382e-04 1.948143788138469038e-04 2.051948934134354774e-04 2.161594189981675708e-04 2.278648541076423175e-04 2.400961451221479410e-04 2.531009247799545720e-04 2.675399233823201649e-04 2.771391639007902150e-04 2.955112542373841125e-04 3.205927269708914941e-04 3.399267549195096063e-04
-6.349646484422630612e-05 -4.741123995035157081e-05 -3.129703361967425986e-05 -1.536875147605674176e-05 1.364352653227124791e-06 1.891095159959126727e-05 3.855625690977398728e-05 4.101265996557626096e-05 4.545922053175203916e-05 5.028959122236552451e-05 5.402396331182107329e-05 7.034355756556021013e-05 7.034355756556021013e-05 6.039246312982547200e-05 6.667353813410727928e-05 7.458180841955525282e-05 8.622536180547693096e-05 9.849699280993980967e-05 1.107209228678985528e-04 1.276195995873318639e-04 1.405054515124427199e-04 1.469401687275427332e-04 1.469401687275427332e-04 1.576105394643143422e-04 1.676658855528967743e-04 1.769919161156223951e-04 1.863108361098672107e-04 1.962687030853735434e-04 2.070520103517426520e-04 2.185140512149261552e-04 2.316160355515775506e-04 2.475491437714283675e-04 2.708561708947063011e-04 2.708561708947063011e-04 2.702308130537116435e-04 2.945227186450851417e-04 3.149052719597829082e-04
-5.715356327231993369e-05 -3.729915460716432061e-05 -1.884054110352664611e-05 -2.362377917224520346e-06 1.423925318345344922e-05 3.080462941318481886e-05 4.511891516297063693e-05 5.411214725063616317e-05 6.003811915214874275e-05 6.453290542958137904e-05 6.459779229617689954e-05 7.220018273072727113e-05 7.220018273072727113e-05 7.045139961752664446e-05 7.345072259215510726e-05 7.769731572309069537e-05 8.722329840074949186e-05 9.836808687422567219e-05 1.075548615967632623e-04 1.209354398273093184e-04 1.243275544982888419e-04 1.337883119071090550e-04 1.393917026508178407e-04 1.489953222789666893e-04 1.587689067913835943e-04 1.680073096829773609e-04 1.767947963959681898e-04 1.860048400377920159e-04 1.960772234525489039e-04 2.061804858395796210e-04 2.172446674925441567e-04 2.274498171056971879e-04 2.335496310177351308e-04 2.353321225654835761e-04 2.535105083531753950e-04 2.730115580009417637e-04 2.917539056172476527e-04
-5.896190366568252605e-05 -2.404761936674572876e-05 -6.207400889942655562e-06 8.604903109080563561e-06 2.462731275128482401e-05 4.121615737892284109e-05 5.352931132989997929e-05 6.415953353691131351e-05 7.423548109749561897e-05 8.329338355166181608e-05 8.602460031059427253e-05 8.602460031059427253e-05 8.051299256537384965e-05 8.189290540862641731e-05 8.257141384984831788e-05 8.411755242195928604e-05 9.171487090050891851e-05 1.010558396272113048e-04 1.077925814482588854e-04 1.169606594261546909e-04 1.169606594261546909e-04 1.187433125028376107e-04 1.302042175585603077e-04 1.404972302998821175e-04 1.502761591421986011e-04 1.593366523320309698e-04 1.674186008685954550e-04 1.757455664799574167e-04 1.856328275183450000e-04 1.945356635997058051e-04 2.056306180641625072e-04 2.157060425127355443e-04 2.157060425127355443e-04 2.206531295813541542e-04 2.365355395208727318e-04 2.531228004901744108e-04 2.698974065178699386e-04
-6.555986207406604995e-05 -8.287810738478664532e-06 1.327551175056131418e-06 1.220503955777102048e-05 2.749409200564913346e-05 4.943113717122612767e-05 5.970881342355385373e-05 6.897151210530462820e-05 8.025551825139908078e-05 9.352515990924209434e-05 1.162648218639789283e-04 1.162648218639789283e-04 9.960120897481656091e-05 9.526279664503329008e-05 9.399509677136686360e-05 9.278545220582248398e-05 9.959118521719050488e-05 1.103873215677339059e-04 1.154336681078520595e-04 1.154336681078520595e-04 9.953472560936535765e-05 1.106520715707895751e-04 1.217194492203875370e-04 1.321100377542806662e-04 1.417899245237949440e-04 1.505894107490943689e-04 1.575357561986525127e-04 1.642130619152843362e-04 1.746469762470762423e-04 1.809747659228392366e-04 1.911807692835447935e-04 1.911807692835447935e-04 1.960886822648677812e-04 2.073181236033849967e-04 2.202438083170750970e-04 2.342303035616483239e-04 2.488634225196714234e-04
-8.377417764742144622e-05 3.028462717000982113e-05 3.028462717000982113e-05 1.510118733719470879e-05 2.746654981413339754e-05 4.291727177121623150e-05 5.867211534718923488e-05 7.110859779818050222e-05 8.347830869527409804e-05 9.677536909982075624e-05 1.129727596114530859e-04 1.129727596114530859e-04 1.088032538584831119e-04 1.060824930764945700e-04 1.045130893544900415e-04 1.023105872119488399e-04 1.046772435816584385e-04 1.141891243850346756e-04 1.141891243850346756e-04 9.278998263615278043e-05 9.795421838360041935e-05 1.052596251697319172e-04 1.145254107166305787e-04 1.241397016238516540e-04 1.334800412423393532e-04 1.422590972215632054e-04 1.477925357041182965e-04 1.503403549235410243e-04 1.650339807199501863e-04 1.695275194194316925e-04 1.695275194194316925e-04 1.764189299027236070e-04 1.843296513296561741e-04 1.937710740863631009e-04 2.045214689541497257e-04 2.162261358540454878e-04 2.285675414706225123e-04
-6.149263771148322959e-05 -4.882965985721593558e-05 -2.328268251160329631e-05 1.365184711504829932e-06 2.516451325226318119e-05 3.919051509296634300e-05 6.091306330065476143e-05 7.520132212817595425e-05 8.799439402202488536e-05 1.000466355378511706e-04 1.104584966041725978e-04 1.134254984825251608e-04 1.137785343910859145e-04 1.137785343910859145e-04 1.136926059183327554e-04 1.122170952249347488e-04 1.206066263621434845e-04 1.206066263621434845e-04 9.554787613014462837e-05 9.566762192371946420e-05 9.731386616659138105e-05 1.009778783001431238e-04 1.079470910024913786e-04 1.161584387261182822e-04 1.248253819837376213e-04 1.345127236881743982e-04 1.400192706286188687e-04 1.401702560718332609e-04 1.452729995648624950e-04 1.521613581104992849e-04 1.573972385168277189e-04 1.644820591426852984e-04 1.720109531540800788e-04 1.803425705714738051e-04 1.895171619489814825e-04 1.993533871342367640e-04 2.094300016480041672e-04
-4.637669485124323930e-05 -4.637669485124323930e-05 -6.250822566591480664e-05 -1.885310600545390001e-05 1.404070764153656082e-05 4.189310105815936570e-05 6.556767678883681008e-05 7.908266287263686638e-05 9.072404588489284380e-05 1.015848792383375814e-04 1.107885021533952784e-04 1.156336584485805671e-04 1.188593363319446708e-04 1.205342588814829638e-04 1.205342588814829638e-04 1.194599165573099846e-04 1.166118201507147561e-04 1.166118201507147561e-04 1.055626986760462612e-04 1.014357100303347190e-04 9.890097846407398363e-05 9.770477353841145092e-05 1.021473672383163724e-04 1.082616769980932587e-04 1.152919781591927407e-04 1.278914009934866108e-04 1.384285184686777229e-04 1.384285184686777229e-04 1.349879603060429511e-04 1.367502107543046503e-04 1.447785412353279875e-04 1.522847006367864431e-04 1.600259233454489824e-04 1.679785709632400630e-04 1.764735084060926862e-04 1.853127020618901266e-04 1.946838112907283021e-04
-7.694648140176788692e-05 -9.530418485426132749e-05 -6.485412382290098798e-05 -3.098074880863805946e-05 3.025037930576051857e-06 3.902691519159494788e-05 7.375761921640095180e-05 8.355639213503886112e-05 9.241256544355295100e-05 1.025257970677152683e-04 1.126291533150830770e-04 1.184200925443032020e-04 1.241335953501738218e-04 1.289829101620895550e-04 1.327865479901205919e-04 1.327865479901205919e-04 1.300856505855851864e-04 1.142604072866975663e-04 1.116491621065642437e-04 1.068984664730087444e-04 1.021866206684711952e-04 9.788869098305864869e-05 9.875415782511876115e-05 1.043323254082838860e-04 1.086288252702536148e-04 1.177038746638876040e-04 1.177038746638876040e-04 1.205139318751083724e-04 1.205139318751083724e-04 1.259563730974934501e-04 1.336184903183276133e-04 1.412062838511436832e-04 1.487472864575059269e-04 1.562495407631162936e-04 1.642214781378344320e-04 1.728763497606117792e-04 1.820207202066242871e-04
