outputs/no_oyster_ebb_vel.asc
ncols 259
nrows 149
xllcorner 0.0
yllcorner 0.0
cellsize 1.15722698403
[rows 0 to 16 of 149, columns 148 to 184 of 259]
3.785304195196532382e-05 3.998812142638891312e-05 4.296372821926721091e-05 4.695232780643255905e-05 5.118812359907202249e-05 5.359188398482762791e-05 5.640938419375097221e-05 6.337699692148268682e-05 8.208185265408334094e-05 1.271824477742344286e-04 1.209489435350469087e-04 2.848971690140881998e-03 1.540268696620128268e-02 1.728055395358973206e-02 1.061425492601874096e-04 1.047590045422257851e-04 9.993012174208157187e-05 9.229472898226567302e-05 8.209411104202807470e-05 7.076599713686839972e-05 5.954977961760419999e-05 9.406611054557334180e-04 4.988740241715447325e-03 6.875255505112843300e-03 7.750875495015651685e-03 5.993474559918488681e-03 4.861854034193318838e-03 4.151992081560507662e-03 3.709771454961484013e-03 3.447561417807684311e-03 3.245534609436452698e-03 3.169964987058025967e-03 3.119061471861977238e-03 3.026992562615064830e-03 3.217053279592309474e-03 3.404945857627881840e-03 3.484909658818450325e-03
3.785304195196532382e-05 3.998812142638891312e-05 4.296372821926721091e-05 4.695232780643255905e-05 5.302015900595590762e-05 5.359188398482762791e-05 5.640938419375097221e-05 6.337699692148268682e-05 8.208185265408334094e-05 3.785672499796241953e-04 1.382701483680488308e-03 2.848971690140881998e-03 1.540268696620128268e-02 1.728055395358973206e-02 8.092607202452816156e-04 8.411489834548246339e-04 1.236100226407134536e-03 1.651386712125606660e-03 2.175426946550150595e-03 2.743249336166947699e-03 3.544589874951510015e-03 4.711460104717391656e-03 5.597711994494867539e-03 6.875255505112843300e-03 7.750875495015651685e-03 5.993474559918488681e-03 4.861854034193318838e-03 4.151992081560507662e-03 3.709771454961484013e-03 3.447561417807684311e-03 3.245534609436452698e-03 3.173078210857154403e-03 3.119061471861977238e-03 3.026992562615064830e-03 3.217053279592309474e-03 3.404945857627881840e-03 3.484909658818450325e-03
3.739380886328779705e-05 3.914759410793418429e-05 4.195073542498012668e-05 4.670513160095840987e-05 6.100923666213482695e-05 5.384126198091465198e-05 5.225927167494260191e-05 5.163975391661373374e-05 4.669626142030918348e-04 1.895005848352300688e-03 3.352590419205123216e-03 4.260399697223077667e-03 4.955089745958567680e-03 5.034461074548716650e-03 1.903186612469258323e-03 2.872598030606168720e-03 3.747289237865534996e-03 4.530652059841127309e-03 5.158578528330580275e-03 5.320614280595053688e-03 5.710200998276604954e-03 5.710273222452243343e-03 5.710273222452243343e-03 4.749648714999400376e-03 5.019283997980960275e-03 4.629502610817497026e-03 4.298000391978328005e-03 3.925581081406597644e-03 3.582042287950933188e-03 3.343838699505039414e-03 3.204568526128842403e-03 3.173078210857154403e-03 3.115562618583578997e-03 2.991416313526178757e-03 3.171678775861245733e-03 3.314879965020702413e-03 3.374871637215860580e-03
3.707503128689803294e-05 3.725771071708081512e-05 3.898648777176160287e-05 4.489730416646629297e-05 1.411075171963452834e-04 4.089021086297469037e-04 8.434583265011457278e-04 1.887372376478723638e-03 2.951396567458339226e-03 3.358722310283888610e-03 3.358722310283888610e-03 3.324698636364546624e-03 3.126797347699555082e-03 3.065739005246652989e-03 2.368118008856339492e-03 3.066852696931918545e-03 3.880086179560225234e-03 4.065911018261172266e-03 4.188553101466071897e-03 4.358408886505956564e-03 4.506583124499691576e-03 4.532778989154473935e-03 4.532778989154473935e-03 3.991385589064280065e-03 3.831550479481077645e-03 3.940673032178608308e-03 3.687376093529018319e-03 3.525044946020833899e-03 3.253519300123610715e-03 3.077968828268647615e-03 3.031656664923147119e-03 3.041710277246197774e-03 2.954587730799630718e-03 2.831989335086207513e-03 3.046180463847398320e-03 3.234495833129172847e-03 3.303517087017809797e-03
4.309557238732187278e-05 3.415972353161042107e-05 3.184020077851742168e-05 1.572345967417960522e-04 5.542769361643374876e-04 1.089323810847426209e-03 2.047477431101913086e-03 3.278509475017920595e-03 3.278509475017920595e-03 2.565696372994738083e-03 2.721533522084208703e-03 2.871429834175204601e-03 3.176908309611117549e-03 2.929409302171967142e-03 2.478583911664812133e-03 2.531133858368253293e-03 3.038708428036564300e-03 3.415449535012196527e-03 3.429997855607355966e-03 3.885066811202614583e-03 3.885066811202614583e-03 3.874626007678984990e-03 3.662867059669332181e-03 3.583546908038487671e-03 3.381128798125093964e-03 3.799706386848068686e-03 3.137026540986982432e-03 3.260137038710722752e-03 3.031805354480134312e-03 2.964173866926874540e-03 2.884944890392308458e-03 2.911450072039043022e-03 2.756037712008353562e-03 2.616119485389435326e-03 2.851807946033545378e-03 3.134757338774681653e-03 3.197306907137482772e-03
4.309557238732187278e-05 1.395511265591723685e-04 2.922339329691427839e-04 5.902144196051433127e-04 1.142237044032200135e-03 1.653704455817222490e-03 1.791260458900384520e-03 2.007696475471278021e-03 2.007696475471278021e-03 2.392037807035006167e-03 2.611146619901051884e-03 3.088768626885758563e-03 3.176908309611117549e-03 2.791656398004556828e-03 2.478583911664812133e-03 2.492764092788523570e-03 3.436565702255552253e-03 3.791876595225627047e-03 3.791876595225627047e-03 3.755070509728639615e-03 3.755070509728639615e-03 3.094180077418323682e-03 3.079892451951555046e-03 3.079892451951555046e-03 3.165240319617432501e-03 3.052267018799595562e-03 2.671524766881977833e-03 2.955024814437804195e-03 2.664809351858170392e-03 2.809726974636789047e-03 2.728619563424948460e-03 2.804970826823088240e-03 2.661947869943265439e-03 2.502127938113457833e-03 2.696970815769898170e-03 3.039073794089162690e-03 3.037247398703914365e-03
4.122934155352043269e-04 6.846212924537540883e-04 1.070953915719100730e-03 1.548600777810975153e-03 2.234257926401170095e-03 2.234257926401170095e-03 2.052699283900107693e-03 2.469242570451454701e-03 2.687345850355343704e-03 2.687345850355343704e-03 2.574962917469151950e-03 3.088768626885758563e-03 3.033662062843204936e-03 2.848429458158685448e-03 2.848429458158685448e-03 2.293765351471260643e-03 2.881382768359611653e-03 3.480814508482359560e-03 3.480814508482359560e-03 2.900924609799401116e-03 2.886411560786043655e-03 2.947566972795655649e-03 3.130270767488903261e-03 3.309382215251048358e-03 3.481415534728343059e-03 3.120852210260729315e-03 2.494469847537035372e-03 2.357156891556046012e-03 2.432971630790060295e-03 2.783483242750148332e-03 2.624103371830118370e-03 2.868715229286496454e-03 2.644394564946777292e-03 2.518564995481823322e-03 2.677727848378447760e-03 2.987676686620946171e-03 2.974518827339939827e-03
1.733312347667232117e-03 2.274907331471331777e-03 2.710821727470837453e-03 2.727407560334303965e-03 2.727407560334303965e-03 2.641052751507275316e-03 2.394994694134608849e-03 2.591220825829044887e-03 2.661359489102573406e-03 2.661359489102573406e-03 2.407344372381572256e-03 2.300314350876254618e-03 2.586317159019020477e-03 2.758693158873517636e-03 2.563112546277816154e-03 2.363092169403014416e-03 2.376968651166416931e-03 2.922989015490351158e-03 2.922989015490351158e-03 2.818626483557994718e-03 2.677062957544554950e-03 2.677062957544554950e-03 2.847016199997866748e-03 2.945328097318546546e-03 3.481415534728343059e-03 2.511991052715843286e-03 2.030572555756551909e-03 2.001842293926881303e-03 2.286972649137583927e-03 2.779568219807133922e-03 2.511828217137859146e-03 2.868715229286496454e-03 2.615066699041001391e-03 2.518564995481823322e-03 2.682548420110783712e-03 2.817780736963479155e-03 2.970342968318522101e-03
3.960935072481912463e-03 3.960935072481912463e-03 3.759935399038637910e-03 3.499657532553781657e-03 3.190798244264810533e-03 3.059401436875442293e-03 2.953933145751412841e-03 2.721779377605814364e-03 2.761197621329886370e-03 2.761197621329886370e-03 2.789424270286341469e-03 2.789424270286341469e-03 2.298504968132589546e-03 2.109567321410665570e-03 2.064893121358814428e-03 2.102963655628444124e-03 2.014093638042128900e-03 2.828062302279579082e-03 3.088466323107599484e-03 3.088466323107599484e-03 2.723325957895499430e-03 2.538168027550738969e-03 2.526626257101587981e-03 2.707729488809087690e-03 2.800115329913031512e-03 2.286364495167667651e-03 2.110836308272065909e-03 2.435220524054485663e-03 2.508844696586784873e-03 2.367543198069544438e-03 2.375193336731316711e-03 2.827031819252023240e-03 2.576383521846729689e-03 2.432622554126986220e-03 2.682548420110783712e-03 2.516978504197748667e-03 2.864478793609929672e-03
4.343725681476401021e-03 3.758287171416005434e-03 3.464808195262046326e-03 3.157263491822021040e-03 3.009765242271829084e-03 2.792019129915465289e-03 2.792019129915465289e-03 3.242450398196190450e-03 4.068665870729533569e-03 4.068665870729533569e-03 3.671157462195118962e-03 3.392446970801907095e-03 2.806504630578570293e-03 2.315431252917892098e-03 1.958528138984225783e-03 1.988182709550471560e-03 1.988182709550471560e-03 2.314298401351434515e-03 2.672930463153650859e-03 3.026111440778733556e-03 3.254595318274504292e-03 3.010536534277104617e-03 3.312904216874208892e-03 2.684875581556476782e-03 2.288123753281053399e-03 2.205787730332917692e-03 2.244894453376256125e-03 2.435220524054485663e-03 2.508844696586784873e-03 2.306875200826453455e-03 2.285712986314308078e-03 2.694180665380124708e-03 2.324872028897749174e-03 2.167274124329164001e-03 2.465734531108514180e-03 2.182013923911942186e-03 2.520347800361213107e-03
3.011259518510665464e-03 2.799418557350225566e-03 2.799418557350225566e-03 2.938919957859296994e-03 2.938919957859296994e-03 2.802635060147536626e-03 2.903182946818524870e-03 2.903182946818524870e-03 3.405356806729426325e-03 3.405356806729426325e-03 3.199617611830481330e-03 3.158975444483493912e-03 3.049162895972175151e-03 2.669491381110851175e-03 2.289548664807310088e-03 2.043914374948546577e-03 2.043914374948546577e-03 1.898081172287004572e-03 2.263882672315745224e-03 3.026111440778733556e-03 3.317825392699179105e-03 3.127576731812574482e-03 3.312904216874208892e-03 2.684875581556476782e-03 2.431389497944528872e-03 2.373762522838735595e-03 2.432703152925824817e-03 2.350548551159553808e-03 2.101104274764279377e-03 2.199000045171092561e-03 2.334450523753074831e-03 2.495718988455510219e-03 2.280404994992153538e-03 2.166758414812127321e-03 2.325412449546976259e-03 2.006043643223431004e-03 2.281443672871670460e-03
2.311850850421321747e-03 2.297703215105434665e-03 2.297703215105434665e-03 2.263069057693199541e-03 2.263069057693199541e-03 2.276414638854640671e-03 2.276414638854640671e-03 2.230787517982692897e-03 1.674995335966579079e-03 1.807440869712156461e-03 1.807440869712156461e-03 1.871173524292722582e-03 1.871173524292722582e-03 1.977539368909054726e-03 2.270172639160454153e-03 2.456785733902589267e-03 2.456785733902589267e-03 2.174475203657687868e-03 1.821507478790163753e-03 2.511775598060110495e-03 3.317825392699179105e-03 3.127576731812574482e-03 3.239408779710742630e-03 2.598624993290836634e-03 2.496184848549553355e-03 2.591472346559106112e-03 2.603214789905990839e-03 2.434167823188266352e-03 2.087562670945645234e-03 2.270180686000452738e-03 2.558236278718209293e-03 2.425969620939579310e-03 2.453025556826669579e-03 2.306001454311686592e-03 2.325412449546976259e-03 2.091918536522181619e-03 2.184540004570034027e-03
2.039756128169734149e-03 1.896520442936632965e-03 1.787412517088431260e-03 1.681511495914250103e-03 1.681511495914250103e-03 1.840925857466502299e-03 1.357998861870117827e-03 1.326782759768439877e-03 1.079146444014562976e-03 1.134102574175690180e-03 8.570041366055237367e-04 9.909154044364207499e-04 1.186417616106518608e-03 1.260927422479273365e-03 1.473876211728760224e-03 1.846548199215083822e-03 2.243519271341654683e-03 2.243519271341654683e-03 2.167561012069464926e-03 1.998812301497514873e-03 1.955686988992521875e-03 2.364283640404314657e-03 2.633928620721180842e-03 2.355500230350940100e-03 2.544530108373905045e-03 2.776752904032364112e-03 2.603214789905990839e-03 2.434167823188266352e-03 2.182887713347456734e-03 2.503379449822178224e-03 2.558236278718209293e-03 2.425969620939579310e-03 2.544905418265388988e-03 2.355404560989970367e-03 2.319504964929212931e-03 2.091918536522181619e-03 2.184540004570034027e-03
1.431562745351003512e-03 1.306117844593640770e-03 1.316023241023786582e-03 1.498925691192674403e-03 1.524007007593188414e-03 1.840925857466502299e-03 1.302630326454906227e-03 1.091244223290306278e-03 1.038425089005056519e-03 8.346878949787921121e-04 8.902584625016000605e-04 1.194279086259991251e-03 1.270750169844434051e-03 1.270750169844434051e-03 1.241860127107856804e-03 1.340622918027134644e-03 1.780724913344600710e-03 1.889376825922026420e-03 1.918180526843168499e-03 1.918180526843168499e-03 1.682234236540058924e-03 1.373921909162959714e-03 2.002300644542199821e-03 2.297641147765108315e-03 2.544530108373905045e-03 2.776752904032364112e-03 2.408629506171468260e-03 2.381492563846810632e-03 2.204738608258239706e-03 2.585154337779407407e-03 2.468603899110918733e-03 2.372183320914754336e-03 2.567044752409643801e-03 2.355404560989970367e-03 2.183688900797707728e-03 1.995197611705107777e-03 2.077384816218632441e-03
1.099898394597420472e-03 1.048752428811782758e-03 1.226657369141812958e-03 1.633732831557595288e-03 1.524007007593188414e-03 1.782221450364144914e-03 1.302630326454906227e-03 1.071717001485643448e-03 1.038425089005056519e-03 9.141253947335717910e-04 1.010568654655963003e-03 1.335121108525130166e-03 1.686485180701378711e-03 1.686485180701378711e-03 1.471516810213454891e-03 1.357524901846513411e-03 1.343785832476847557e-03 1.511210760264570943e-03 1.511210760264570943e-03 1.375312775778987770e-03 1.378510220666667339e-03 1.378510220666667339e-03 1.332929846440901803e-03 1.208266391354970506e-03 1.900933991506524503e-03 2.330300861867240763e-03 2.243517813195507020e-03 2.284457426066867271e-03 2.204738608258239706e-03 2.585154337779407407e-03 2.358252844187345380e-03 2.381909211776674952e-03 2.680088297214472393e-03 2.357290154930160447e-03 2.107585009803879424e-03 2.087783529762689619e-03 2.012090896701326272e-03
1.015547455173906703e-03 9.350213128359585995e-04 1.124280019699209782e-03 1.633732831557595288e-03 1.426939394212704913e-03 1.511484066614948154e-03 1.165837752320636640e-03 1.030930297397586806e-03 9.512864403047279795e-04 8.935624349856287688e-04 9.885176928868472448e-04 1.252216063555363235e-03 1.298173841187352968e-03 1.298173841187352968e-03 1.236290796743082666e-03 1.164434267723749201e-03 1.425663982909094150e-03 1.383729449998210995e-03 1.117546812408912139e-03 1.549338584570303769e-03 1.549338584570303769e-03 1.263487539767382904e-03 1.257933087687000163e-03 1.257933087687000163e-03 1.199241200324124672e-03 1.443404705249127671e-03 1.892355664957040464e-03 1.946052416781237542e-03 1.995410436980772726e-03 2.373901734713428427e-03 2.326661194015355698e-03 2.381909211776674952e-03 2.680088297214472393e-03 2.357290154930160447e-03 2.060538802277729273e-03 2.158562000514099768e-03 1.968935583693251935e-03
1.180369214421195115e-03 1.412903155762736986e-03 1.412903155762736986e-03 1.274436723132118957e-03 1.571548873347794776e-03 1.571548873347794776e-03 1.181228353695023886e-03 1.010198198600972385e-03 9.951953085484245912e-04 1.092431632136960876e-03 1.307835560463170696e-03 1.307835560463170696e-03 1.210315204669456298e-03 1.217133950993799785e-03 1.244587650186959734e-03 1.429120270135720303e-03 1.703985636752970755e-03 1.703985636752970755e-03 1.985663156364142479e-03 1.985663156364142479e-03 1.396698427273553164e-03 1.244789212349458165e-03 1.023858635758377253e-03 1.056020648877115846e-03 1.056020648877115846e-03 1.034987733084989864e-03 8.975519299466006408e-04 1.125440095179419805e-03 1.664461217113163711e-03 2.249270305599110949e-03 2.161042899667906751e-03 2.196602288824816684e-03 2.623518846225434808e-03 2.279039684173072428e-03 2.031574403011961009e-03 2.185922295477297009e-03 1.851121580744626493e-03
