outputs/no_oyster_flood_vel.asc
ncols 259
nrows 149
xllcorner 0.0
yllcorner 0.0
cellsize 1.15722698403
[rows 0 to 16 of 149, columns 222 to 258 of 259]
0.000000000000000000e+00 0.000000000000000000e+00 0.000000000000000000e+00 0.000000000000000000e+00 0.000000000000000000e+00 0.000000000000000000e+00 0.000000000000000000e+00 0.000000000000000000e+00 0.000000000000000000e+00 0.000000000000000000e+00 0.000000000000000000e+00 0.000000000000000000e+00 0.000000000000000000e+00 0.000000000000000000e+00 0.000000000000000000e+00 0.000000000000000000e+00 0.000000000000000000e+00 0.000000000000000000e+00 0.000000000000000000e+00 0.000000000000000000e+00 0.000000000000000000e+00 0.000000000000000000e+00 0.000000000000000000e+00 0.000000000000000000e+00 0.000000000000000000e+00 0.000000000000000000e+00 0.000000000000000000e+00 0.000000000000000000e+00 0.000000000000000000e+00 0.000000000000000000e+00 0.000000000000000000e+00 0.000000000000000000e+00 0.000000000000000000e+00 0.000000000000000000e+00 0.000000000000000000e+00 0.000000000000000000e+00 0.000000000000000000e+00
4.995347314789273934e-07 5.845168444820084220e-07 6.812287775552824310e-07 7.911086522795917869e-07 9.155751385582292177e-07 1.055919505035667127e-06 1.213155206384219670e-06 1.387825675786506873e-06 1.579785887599565544e-06 1.788000702008323027e-06 2.010446260422750271e-06 2.244257227719962977e-06 2.486315312375900814e-06 2.734479346585490000e-06 2.989535991785102699e-06 3.257608279184026817e-06 3.552164773494810458e-06 3.894113432801619417e-06 4.308292048895866791e-06 4.815700722858867885e-06 5.423043809258344619e-06 6.112772107733925127e-06 6.835684903776711022e-06 7.505965242312115253e-06 7.997671025750872605e-06 8.142739595613355762e-06 8.142739595613355762e-06 7.732808042591366270e-06 6.529784663019966781e-06 4.292353715991709246e-06 8.262236500753881044e-07 -3.937408629162288602e-06 -9.841613566032633015e-06 -1.640977254367354877e-05 -2.281516191859584515e-05 -2.798773873649644563e-05 0.000000000000000000e+00
9.887257012869314674e-07 1.157303868893819205e-06 1.349289613459535974e-06 1.567630693004910344e-06 1.815272396917559701e-06 2.094947675200249056e-06 2.408875644714720560e-06 2.758361609162217925e-06 3.143317172603532227e-06 3.561770660010802438e-06 4.009527111962809738e-06 4.480267338081188963e-06 4.966524675198138421e-06 5.462066082181126317e-06 5.966056341370599212e-06 6.488732351456346155e-06 7.056937381993579926e-06 7.715996908815728000e-06 8.523354039923051011e-06 9.531467033281548968e-06 1.076370240644003405e-05 1.219235971790092778e-05 1.372400226506082742e-05 1.519050503972087654e-05 1.634197926507833365e-05 1.684047931411042693e-05 1.684047931411042693e-05 1.625870791173262365e-05 1.409397689349660102e-05 9.813406550871719058e-06 2.949949513472053422e-06 -6.734244600692331531e-06 -1.901927309129379260e-05 -3.298231469006615736e-05 -4.686313639421340991e-05 -3.379773884146313704e-05 0.000000000000000000e+00
1.457324370123263728e-06 1.706683316346799580e-06 1.990995114384106504e-06 2.314852109363070806e-06 2.682936080906672732e-06 3.099723154133136716e-06 3.569038088112190931e-06 4.093427943544151638e-06 4.673350533641680010e-06 5.306237653468192607e-06 5.985624189336673886e-06 6.700760337443872245e-06 7.437449968154253309e-06 8.181203965570588922e-06 8.923890940059262634e-06 9.674327403277485713e-06 1.047085549420741265e-05 1.138958278054481072e-05 1.253766016869897220e-05 1.402311096390472913e-05 1.590793906531821114e-05 1.816896209236948948e-05 2.067745939884475963e-05 2.319007338643234417e-05 2.533926168073190902e-05 2.661849048401578358e-05 2.661849048401578358e-05 2.636756739673299486e-05 2.377400844836227248e-05 1.791734608052622413e-05 7.894412453633564900e-06 -6.930246195786155964e-06 -2.651891950838237814e-05 -4.963707673108475570e-05 -7.341201472978139454e-05 -4.024516223349690531e-05 0.000000000000000000e+00
1.895293165600858669e-06 2.221109911985991094e-06 2.593155418367028551e-06 3.017846549156689570e-06 3.501896663212711734e-06 4.051970772313554425e-06 4.674125610056721776e-06 5.372961543260574436e-06 6.150419364951106994e-06 7.004205230883051665e-06 7.925971654472104710e-06 8.899699854203292352e-06 9.901310894404467860e-06 1.090140887188810645e-05 1.187397605001753389e-05 1.281383082738734070e-05 1.376257441101381658e-05 1.483381855045714529e-05 1.621459289042331486e-05 1.811537758832090249e-05 2.067598079855700286e-05 2.389809018741482848e-05 2.762679985151646385e-05 3.155306742643224316e-05 3.520650358740190988e-05 3.792665354448543184e-05 3.881906274282256349e-05 3.881906274282256349e-05 3.671714342269320384e-05 3.018755686923746713e-05 1.764060041632245523e-05 -2.362233127705354416e-06 -3.048908201536183014e-05 -6.563505799611030569e-05 -9.545182165028011313e-05 -5.174993790494703460e-05 0.000000000000000000e+00
2.292961072950701876e-06 2.689307747629337504e-06 3.142670097941274095e-06 3.661482005684159796e-06 4.254833250473543537e-06 4.932137661851819422e-06 5.702532036540654133e-06 6.573873254490224164e-06 7.551160152019495406e-06 8.634192250640111170e-06 9.814357343465622012e-06 1.107075653049284572e-05 1.236668488337214902e-05 1.364914457756054663e-05 1.485677356073410949e-05 1.594444544524116698e-05 1.693179277200340324e-05 1.796852411984677114e-05 1.937151525421611242e-05 2.154782570039956262e-05 2.478251635317186365e-05 2.912061800721755037e-05 3.437858239337419691e-05 4.018889288037812260e-05 4.600703169795981054e-05 5.106255736369775703e-05 5.426488660738044962e-05 5.426488660738044962e-05 5.408794563035072231e-05 4.847513755740798192e-05 3.484266547012395527e-05 1.032979528400286638e-05 -2.744011742924581287e-05 -7.869709163665675427e-05 -1.288675879867614779e-04 -7.130276773601179759e-05 0.000000000000000000e+00
2.641235318967505400e-06 3.100489907639405398e-06 3.626735220084583235e-06 4.230578125165340775e-06 4.923816671145043588e-06 5.719214588079728033e-06 6.629991619763891828e-06 7.668839286140164210e-06 8.846155737996910296e-06 1.016704627619146414e-05 1.162650893825774493e-05 1.320228404093046010e-05 1.484552753103073080e-05 1.647171099424848734e-05 1.795952817011576915e-05 1.917538462084066828e-05 2.005162711191187352e-05 2.073696990271019152e-05 2.175511830619489932e-05 2.392189360589065263e-05 2.778564090651097383e-05 3.342328309491055926e-05 4.057801883438421714e-05 4.881689000374623302e-05 5.757017296036421060e-05 6.605165760496047077e-05 7.308998069265294436e-05 7.689461493392103027e-05 7.689461493392103027e-05 7.478238225992032170e-05 6.292512862276255820e-05 3.627886622283633294e-05 -1.090409134896380140e-05 -8.302508537962596184e-05 -1.776407815400162838e-04 -1.045935450523417679e-04 0.000000000000000000e+00
2.931879371817656217e-06 3.444681343876196722e-06 4.033202749592319449e-06 4.710278603747803908e-06 5.490640720861107149e-06 6.390912399558327549e-06 7.429380568295074297e-06 8.625336532309573802e-06 9.997577237637118823e-06 1.156132817787005000e-05 1.332234809244389088e-05 1.526634316394062568e-05 1.734143020557173695e-05 1.943264369828783450e-05 2.133424350463800900e-05 2.274593775609465629e-05 2.336236115209322088e-05 2.336236115209322088e-05 2.317261007288736778e-05 2.459898951045824878e-05 2.901487057206761461e-05 3.620885463153122364e-05 4.569331984550550668e-05 5.693047533985936431e-05 6.940511253479264553e-05 8.248391940312053364e-05 9.514876362435304553e-05 1.056181511527601259e-04 1.108346479255902043e-04 1.108346479255902043e-04 1.057966005381695009e-04 8.276463233354329691e-05 3.056997119018152367e-05 -6.485837699286633529e-05 -2.138688614688764921e-04 -1.621943620396583429e-04 0.000000000000000000e+00
3.157857687293490361e-06 3.713153346455388882e-06 4.351115830660693933e-06 5.086692819372717616e-06 5.937555208992656392e-06 6.924413720997759858e-06 8.071281721548495541e-06 9.405549037165954817e-06 1.095748850237255275e-05 1.275834110520648612e-05 1.483521208970771041e-05 1.719931031681633346e-05 1.982120642902778393e-05 2.258319008869421940e-05 2.519886439405161105e-05 2.711176174680789592e-05 2.747926966747903338e-05 2.747926966747903338e-05 2.560101477478293351e-05 2.246909940191355086e-05 2.746599723976688156e-05 3.670394501364269464e-05 4.905593057624690315e-05 6.380657897539313299e-05 8.063588243583070874e-05 9.933014384836721781e-05 1.194030032488829014e-04 1.395945781271769554e-04 1.571414577515109772e-04 1.666619932707827303e-04 1.666619932707827303e-04 1.584130913829859114e-04 1.152777207690125499e-04 6.890467686855864347e-06 -2.179722333487750963e-04 -2.619665606427126802e-04 0.000000000000000000e+00
3.313734510803759903e-06 3.898958523991196959e-06 4.571414407222294727e-06 5.347821634090055045e-06 6.248473574738367555e-06 7.297905553892030899e-06 8.525783559735020399e-06 9.968089392433231058e-06 1.166848662948129498e-05 1.367933565087434890e-05 1.606084884436489690e-05 1.887447958458898345e-05 2.216089510502891369e-05 2.588004583341094238e-05 2.976626223606383976e-05 3.302297516960740103e-05 3.384194099623230682e-05 3.384194099623230682e-05 2.931851940045369014e-05 1.867443119458627360e-05 2.167607397144100643e-05 3.408499760702680698e-05 5.001987847044620373e-05 6.860402754963582680e-05 9.000169438477454136e-05 1.147977703056253626e-04 1.435385273956387645e-04 1.762157003555541693e-04 2.114746116824930836e-04 2.452968234104657783e-04 2.689480191586100018e-04 2.689480191586100018e-04 2.652373528160190575e-04 1.951147603200577025e-04 -6.852051127338247810e-05 -4.223193455426090589e-04 0.000000000000000000e+00
3.396100529385487331e-06 3.997531831483235904e-06 4.687761640147294804e-06 5.484705735027179093e-06 6.410611901978107857e-06 7.492951360097298504e-06 8.765857571066291911e-06 1.027253834335064895e-05 1.206903297224572653e-05 1.422966602444337082e-05 1.685436805228923601e-05 2.007686407214582023e-05 2.406784857308784335e-05 2.900983590385848395e-05 3.496316354718226381e-05 4.137193569932692025e-05 4.554699974738925179e-05 4.554699974738925179e-05 3.915669063621324665e-05 7.567794520461163081e-06 9.775550139849247645e-06 2.794009297257819387e-05 4.833455814887536610e-05 7.058795836792946979e-05 9.596909724801159342e-05 1.263207155937100441e-04 1.637376356724989674e-04 2.102550842169063016e-04 2.672444652124417348e-04 3.341026695299780837e-04 4.068448090249810237e-04 4.816089110163749285e-04 5.768517320507494158e-04 7.646164407117590506e-04 7.646164407117590506e-04 -1.307517891677258462e-04 0.000000000000000000e+00
3.403993670825354041e-06 4.007306632409075482e-06 4.697394586856438153e-06 5.492627763893494142e-06 6.416316938049011141e-06 7.497430413453046257e-06 8.772157021082251454e-06 1.028717343765721757e-05 1.210544089170839437e-05 1.431592742236266242e-05 1.705009326820365739e-05 2.051076007861724859e-05 2.502379921131841304e-05 3.112828566175415002e-05 3.970462034947658578e-05 5.195460433313046520e-05 6.781743165778460799e-05 7.419344887654869610e-05 7.419344887654869610e-05 -2.625134277749068722e-05 1.844344741299730584e-05 3.744486034160105756e-05 4.479030278454747163e-05 6.944415052519480145e-05 9.696602064563837641e-05 1.307783591486914052e-04 1.748362154837469664e-04 2.338225356271299825e-04 3.131454954203909341e-04 4.170245804720232557e-04 5.427196363949831443e-04 6.775017501737032712e-04 8.660668161548299967e-04 8.660668161548299967e-04 -1.049425955841319759e-05 6.580407285321800126e-05 0.000000000000000000e+00
3.339288466764696507e-06 3.930306440471312793e-06 4.601882310975808564e-06 5.372093795641791179e-06 6.264597672870726304e-06 7.308296334583863640e-06 8.538166662152413657e-06 9.998557494487705948e-06 1.174962973456857911e-05 1.387850950509392097e-05 1.651931751954613983e-05 1.989228376280111050e-05 2.438830253181447459e-05 3.077488718236506208e-05 4.077242785583533736e-05 5.892442962593563737e-05 9.957467367406970039e-05 2.160510159896877186e-04 2.362716828144347696e-04 1.342100300812562293e-04 1.052933576902605450e-04 8.038767231764750560e-05 6.935529553715398304e-05 6.886224284997770914e-05 9.167247566066235990e-05 1.249904848716566405e-04 1.710063314866736635e-04 2.370533473874760259e-04 3.344904003699695496e-04 4.781305205427388008e-04 6.695074059092589623e-04 8.196116371285565479e-04 8.196116371285565479e-04 5.754916464685703222e-04 1.123646228025872553e-03 3.940676781149432734e-04 0.000000000000000000e+00
3.207061394480325385e-06 3.772748351735672313e-06 4.407734420933659095e-06 5.129267434827411839e-06 5.961683623207646334e-06 6.932990589859559722e-06 8.073655798455914900e-06 9.419260143572552466e-06 1.101601104698487963e-05 1.292916334389702010e-05 1.525638354208645831e-05 1.815075492122663996e-05 2.186223997077334661e-05 2.681053268005787539e-05 3.368577426556014753e-05 4.339601264070893033e-05 5.550581742287097987e-05 7.850630652001630192e-05 2.362716828144347696e-04 1.411042774293053820e-04 1.881322809491461977e-04 1.094571757015769644e-04 8.589717427911244384e-05 8.534737224848742737e-05 9.600480286485888934e-05 1.150742398032527926e-04 1.471452782038213910e-04 2.088941220661308807e-04 3.096322381292716244e-04 4.914996954197028934e-04 8.375678295707987726e-04 1.355945745962634005e-03 1.355945745962634005e-03 1.052191591477917923e-03 1.123646228025872553e-03 3.940676781149432734e-04 0.000000000000000000e+00
3.015994179747940430e-06 3.545891151057393248e-06 4.127039586195726301e-06 4.775557899526892951e-06 5.519878795272279299e-06 6.388326603191311221e-06 7.404205798238926232e-06 8.588816234361629765e-06 9.965990965902112223e-06 1.156574928142155094e-05 1.342629838367657546e-05 1.559211240924554616e-05 1.809936974999452525e-05 2.091922930153463264e-05 2.376412388563510294e-05 2.893326588537739071e-05 4.515734391478087151e-05 7.850630652001630192e-05 1.326264919268603309e-04 1.411042774293053820e-04 1.881322809491461977e-04 1.094571757015769644e-04 8.589717427911244384e-05 9.062526899999712995e-05 1.080984548102901447e-04 1.294248527831020549e-04 1.745903933374189174e-04 2.315358907336515762e-04 3.210137599011014461e-04 5.021256120264841472e-04 1.008583932791120566e-03 1.849436256184281346e-03 2.121756642638887667e-03 1.153577708946193665e-03 8.166153375342962220e-04 3.868204115806928261e-04 0.000000000000000000e+00
2.778895734064201887e-06 3.267782486550170420e-06 3.778974873264992522e-06 4.326045781812425415e-06 4.953947055162605157e-06 5.696231229394815905e-06 6.566024556946911722e-06 7.565808029732883247e-06 8.693387300840940820e-06 9.941544432209372832e-06 1.129094830195331732e-05 1.269202658208450664e-05 1.402389731842454340e-05 1.521525988766139520e-05 2.015260472671576779e-05 2.893326588537739071e-05 4.184616948394589910e-05 5.912499485460438248e-05 7.462370094367663006e-05 6.316350551238511686e-05 1.426638925131432924e-04 2.833229886497190260e-04 7.942885362922776852e-05 9.062526899999712995e-05 1.163388945932077495e-04 1.294248527831020549e-04 1.904040697032519070e-04 2.385732574344947904e-04 3.210137599011014461e-04 5.021256120264841472e-04 1.131008517406921097e-03 1.536300799007120875e-03 2.121756642638887667e-03 1.153577708946193665e-03 7.038031190526604407e-04 3.365986306735133235e-04 0.000000000000000000e+00
2.513145466101767295e-06 2.967368187814141456e-06 3.395031638501647527e-06 3.795703299295437612e-06 4.273632414170503598e-06 4.876626702278599844e-06 5.597853170421054539e-06 6.415004026782031199e-06 7.300205775519885411e-06 8.216092844620750504e-06 9.103923809843144705e-06 9.861148298714695896e-06 1.193281837285567148e-05 1.521525988766139520e-05 2.013317656323624892e-05 2.650492880830738446e-05 3.416907328102290325e-05 4.152380247078145680e-05 4.357981148086127754e-05 3.106241179733739484e-05 1.737456135291226385e-05 2.833229886497190260e-04 2.347658309550878391e-04 1.350432532459390858e-04 1.163388945932077495e-04 1.199363231814522875e-04 1.904040697032519070e-04 2.385732574344947904e-04 2.912788870605038938e-04 3.138026021619602299e-04 1.061054154378370624e-03 4.915152727833541589e-04 8.389407687503319883e-04 7.365594826153460360e-04 5.084207990566701023e-04 2.557709920607157479e-04 0.000000000000000000e+00
