outputs/starting_flood_vel.asc
ncols 259
nrows 149
xllcorner 0.0
yllcorner 0.0
cellsize 1.15722698403
[rows 51 to 67 of 149, columns 37 to 73 of 259]
6.148010297905813493e-04 6.647623995100922743e-04 6.647623995100922743e-04 5.600042385747293220e-04 3.364329216814958344e-04 5.161039861391427347e-06 3.443352179744112299e-06 3.809413252940360421e-06 4.131935340700127011e-06 4.419781885893283332e-06 4.662139393897660819e-06 4.874307704521458111e-06 5.079068133005865407e-06 5.298955724418900472e-06 5.547724865326493232e-06 5.830390331157834301e-06 6.144630766122682146e-06 6.482115568629482582e-06 6.829564335067495523e-06 7.172428389743334617e-06 7.498192143664621472e-06 7.797875003386249963e-06 8.066000799428837089e-06 8.299790651161012282e-06 8.498194778750473434e-06 8.661101746043028585e-06 8.788853557548464653e-06 8.882083483482993815e-06 8.941847825200981265e-06 8.969999824846878664e-06 8.969999824846878664e-06 8.969715465558766830e-06 8.945992656944097018e-06 8.905767542482015669e-06 8.856955192940641261e-06 8.805062993507884023e-06 8.744674321181864561e-06
5.170452979421121106e-04 5.576059093883625447e-04 1.205790075564109861e-03 1.205790075564109861e-03 6.322797810186137372e-04 1.789313610022612723e-04 2.678944047943369070e-06 3.577076470854109490e-06 3.889742699198268594e-06 4.188098691740406948e-06 4.402231864419816990e-06 4.573238897561699381e-06 4.739581144025964638e-06 4.939772832212393761e-06 5.190527400190807701e-06 5.495331174030850990e-06 5.848443454250748924e-06 6.236924394694850486e-06 6.638686873459566820e-06 7.030883574657358359e-06 7.396048559997083634e-06 7.723727549687513919e-06 8.009385840010755002e-06 8.252458742882891899e-06 8.454590871925896732e-06 8.618436841380359783e-06 8.747042109364331350e-06 8.843699729373413518e-06 8.912168958600516960e-06 8.957166308735638530e-06 8.985059283156372826e-06 9.004690579149302444e-06 9.028218322965438401e-06 9.071703607337545976e-06 9.154600279161693763e-06 9.295157245928388959e-06 9.491331909509345157e-06
4.525746296166915407e-04 4.191181874222176733e-04 1.341028306960756044e-03 1.986592663168338952e-03 1.986592663168338952e-03 1.076359221997783694e-03 2.562701631351111168e-04 3.930205883334796053e-06 3.930205883334796053e-06 4.040638317450471483e-06 4.185450474479213667e-06 4.276834877279628934e-06 4.366244713323770407e-06 4.530027060213840398e-06 4.779280729193935819e-06 5.111963510523564952e-06 5.516887482154496032e-06 5.978451682440157576e-06 6.457375189418515480e-06 6.916370475430039595e-06 7.331390971977925141e-06 7.691600795356284714e-06 7.995356268043306151e-06 8.246067608434401634e-06 8.449273124689255337e-06 8.611012638188773692e-06 8.737178309155043402e-06 8.833504366045571388e-06 8.905961971092000648e-06 8.961437168339432801e-06 9.008664779181280364e-06 9.059492053531252405e-06 9.130711562892792951e-06 9.247040634282615462e-06 9.446477269872891719e-06 9.790022473860789573e-06 1.037507037385533639e-05
3.786958515226234280e-04 4.143952412069557413e-04 9.378374011286232234e-04 1.781091946823657075e-03 2.105534586994325160e-03 2.105534586994325160e-03 1.503856462622663081e-03 6.603659765507443463e-04 1.080652171196735343e-04 4.127143810083844556e-06 4.127143810083844556e-06 4.022096838767339602e-06 3.982405423753213100e-06 4.034809966125332757e-06 4.284604945846958478e-06 4.656354656714913440e-06 5.128691281403832854e-06 5.702619663493073239e-06 6.295991726344064995e-06 6.845832165666322130e-06 7.321544057128448476e-06 7.715928391716388564e-06 8.034370828372005175e-06 8.287182298121717776e-06 8.485421380207774800e-06 8.639162277530710687e-06 8.757154123021331158e-06 8.847177454561722953e-06 8.916737391383015073e-06 8.973955614348389840e-06 9.028670611697932981e-06 9.093901292901838843e-06 9.188095240792153528e-06 9.339270097026988949e-06 9.594245692186466386e-06 1.004338500578584665e-05 1.089926532857871535e-05
4.310426319769746287e-04 5.264993212141791043e-04 6.670257440439421445e-04 9.775708383654290335e-04 1.314596164766612370e-03 1.815389981108317136e-03 1.867125064972201742e-03 1.867125064972201742e-03 1.428189515220494588e-03 7.499051049062925665e-04 3.063685796360692904e-04 3.793387646752989255e-06 3.712154207189565357e-06 3.406072086664718901e-06 3.667974431353262682e-06 4.100158889085427921e-06 4.638903323252975758e-06 5.407343963783980881e-06 6.178139886798422820e-06 6.849422403762946365e-06 7.393024699152562606e-06 7.816197886008817585e-06 8.139016355607079159e-06 8.382869375472372703e-06 8.566067820489308674e-06 8.703060968705174857e-06 8.805098450838181321e-06 8.881313937796928452e-06 8.939854525530041720e-06 8.988977285972941337e-06 9.038160760360410917e-06 9.099347265585906342e-06 9.188498010346967960e-06 9.327698820846483250e-06 9.547850396060012862e-06 9.890006528518169158e-06 1.039153168425040126e-05
5.363535185810833954e-04 5.860888239795178801e-04 6.448537285275613307e-04 7.931297809178112666e-04 8.807649937714018924e-04 1.175997651986305462e-03 1.446869601921803132e-03 1.888067000403178576e-03 2.266543078965411236e-03 2.266543078965411236e-03 1.878939427370197651e-03 1.072734032406808891e-03 2.956362080614435080e-04 2.630820965278065672e-06 2.881061803816182598e-06 3.437403145020822805e-06 3.919419158738659684e-06 5.109712981591508459e-06 6.159801453302333122e-06 6.980692863434505010e-06 7.584934449710192158e-06 8.016822097559175636e-06 8.322627332574646835e-06 8.539211027671766369e-06 8.692919557571868289e-06 8.801915325963023906e-06 8.878864773828809703e-06 8.933125320257718685e-06 8.972389486967180373e-06 9.003938243653449724e-06 9.035647878184546218e-06 9.076828998734233161e-06 9.138850714163489656e-06 9.235176779952169904e-06 9.379450542688739533e-06 9.577259027976602203e-06 9.798775955502926041e-06
2.240221228921878988e-04 2.236427120312526142e-04 2.236427120312526142e-04 2.539931802903385859e-04 6.918136088469910511e-04 7.921014194062667938e-04 9.217224641066628591e-04 1.344856904184390297e-03 1.549734739685229177e-03 1.549734739685229177e-03 1.671245157490204710e-03 1.671245157490204710e-03 9.878686588894170211e-04 5.533033387357919096e-04 3.070263108240356290e-04 1.496909842808355050e-04 6.706923592273377312e-05 4.952287350540872954e-06 6.370660081385345974e-06 7.328613146962575501e-06 7.949198138693984125e-06 8.343528721943433907e-06 8.595459849461289540e-06 8.758427845068365693e-06 8.864484056162447552e-06 8.932816003746644269e-06 8.975319998255261190e-06 8.999933082438981124e-06 9.012639858426727010e-06 9.018738323489584980e-06 9.023663509989840348e-06 9.033470137003190328e-06 9.054899067620812909e-06 9.094707042109918048e-06 9.157515966765858065e-06 9.240803085197587133e-06 9.325439503029408502e-06
2.950916934719352959e-04 2.424301621116161992e-04 2.201056621683283149e-04 1.999285564225609815e-04 2.795366458480489117e-04 2.795366458480489117e-04 3.391832980664433888e-04 5.417617425956749262e-04 9.117149587641524807e-04 1.041944369049451532e-03 1.041944369049451532e-03 9.576285903983922576e-04 9.074408249165182580e-04 8.664917482080090536e-04 6.492855634963881021e-04 4.391038210047825373e-04 2.529213704560526340e-04 1.214308920207889206e-04 7.041938374735676010e-06 8.013901504336239890e-06 8.539716236159823872e-06 8.812634802059486226e-06 8.957255498258481335e-06 9.034556446978338779e-06 9.073772818261541460e-06 9.089544634606760919e-06 9.089666133006938311e-06 9.089666133006938311e-06 9.078647152815921150e-06 9.059498540811566445e-06 9.034711681887203059e-06 9.006797701283112209e-06 8.978488971667575045e-06 8.952568377207065261e-06 8.931236354100343424e-06 8.915103197067624616e-06 8.902997843018117233e-06
4.895648187366954691e-04 3.228471581507822590e-04 3.049860413389122570e-04 3.325432297612454340e-04 3.828387511731233604e-04 3.828387511731233604e-04 3.436840107082522896e-04 3.984428930372885865e-04 6.034101521694718723e-04 6.656964371654283327e-04 6.656964371654283327e-04 6.904412523326534414e-04 7.551421919405035179e-04 7.551421919405035179e-04 6.953022100538541576e-04 5.412032303550374287e-04 3.693369637568100368e-04 2.195872462159215220e-04 9.967359751978331888e-05 9.145338259486840131e-06 9.383130499549603883e-06 9.410038751876610672e-06 9.410038751876610672e-06 9.386370894534575319e-06 9.348769626324587157e-06 9.306506135298950625e-06 9.261923583411697713e-06 9.215152746350016661e-06 9.165490855006083525e-06 9.111995470116262093e-06 9.053812161964313126e-06 8.990326641588460577e-06 8.921119671176761282e-06 8.845649115439433103e-06 8.762566800016655658e-06 8.668662624386748949e-06 8.557687267474180804e-06
1.511382894983890517e-03 1.213697073746900640e-03 8.060023267123714568e-04 6.182486566731369357e-04 5.539619748783552924e-04 4.996666188276549818e-04 4.648374152971834782e-04 4.276122497553615318e-04 6.318356360155964963e-04 6.322632403442592390e-04 6.322632403442592390e-04 5.845323011705044628e-04 5.532531659281361095e-04 5.229814380218921399e-04 5.033757107114125978e-04 4.312724092804924862e-04 3.093156867716848795e-04 2.338736041107673802e-04 1.505034011065874979e-04 7.790724429337652788e-05 1.123824827493803798e-05 1.043742875067521539e-05 1.005801881136256720e-05 9.829419701678376474e-06 9.667645028486926054e-06 9.541558513197799990e-06 9.436490817390596778e-06 9.343530413976495672e-06 9.256168050741077100e-06 9.169180322683815419e-06 9.078214854264959164e-06 8.979577031929467649e-06 8.870013956011908442e-06 8.746341613357339994e-06 8.604719106139671947e-06 8.439293232988787132e-06 8.239750155440756136e-06
1.320268123800520058e-03 1.110665006452983593e-03 8.156614079172154908e-04 6.127865089611967938e-04 5.255936601934853639e-04 5.266341570352718300e-04 6.583510117850822950e-04 7.338390457652006760e-04 7.338390457652006760e-04 6.822543884566711035e-04 6.026749038329945419e-04 5.240328937899270661e-04 4.453026498443999844e-04 4.084743095330860990e-04 3.890844363944267158e-04 3.182470023485610335e-04 2.437512604271006790e-04 2.201573685551709602e-04 2.039346610656824627e-04 1.169214552259814096e-04 1.191405914295624028e-05 1.107031741685058645e-05 1.055518804122044403e-05 1.020564407232912562e-05 9.950832272747193012e-06 9.755592071614296209e-06 9.598950758976940921e-06 9.466310041423797481e-06 9.346470611298305113e-06 9.230342915612807465e-06 9.110289900482697860e-06 8.979752675851722485e-06 8.833017507584401960e-06 8.664984275837740011e-06 8.470674778196743567e-06 8.244041045987783454e-06 7.975538623613969444e-06
9.285856983885836186e-04 1.111028209596229494e-03 1.111028209596229494e-03 1.028128584968589524e-03 9.394100071504105868e-04 8.949811890312212199e-04 8.949811890312212199e-04 8.425843696690164895e-04 7.604862490689029766e-04 6.960964112788633942e-04 5.706710903601155743e-04 5.007544513595522289e-04 4.218048970685069499e-04 3.475108911346228382e-04 3.005669333989526883e-04 2.375860684222989665e-04 1.904688638800147032e-04 1.793152418508040728e-04 1.789778401310859334e-04 1.193071561800648268e-04 1.188612385085377482e-05 1.137459373255000733e-05 1.088677186433994916e-05 1.048713627367042458e-05 1.017444791855841909e-05 9.931026741534691870e-06 9.737410105479437440e-06 9.576288381443392314e-06 9.433061437415673930e-06 9.295430827985821934e-06 9.152849156201946069e-06 8.996126263410449527e-06 8.817319122635999733e-06 8.609903204212433864e-06 8.368954684821927934e-06 8.090657549151572685e-06 7.770319364872895724e-06
8.514542488019828919e-04 8.681476469532479123e-04 8.681476469532479123e-04 8.346271050299658477e-04 8.059666951150880766e-04 7.298260827142216906e-04 7.173669772463128324e-04 6.988415322230183283e-04 6.572640336565498381e-04 6.339118197541246304e-04 5.539447860748470407e-04 4.942946136799789524e-04 4.066801591045856559e-04 3.225757209730097217e-04 2.566994855758623862e-04 1.905970544008286276e-04 1.824665594291640422e-04 1.824665594291640422e-04 1.555886559432254513e-04 1.161585797017026107e-04 1.213540536728550980e-05 1.165516179815552238e-05 1.113016940991905792e-05 1.068168123945394356e-05 1.032879638628156002e-05 1.005665687048643178e-05 9.843374539962966907e-06 9.668371941454350390e-06 9.514055928934749457e-06 9.365469802714347660e-06 9.209549632927632498e-06 9.034584098952566888e-06 8.830229515336544176e-06 8.588354733553967829e-06 8.304583207726539798e-06 7.979315100924374809e-06 7.616030166388134172e-06
9.700934013034386103e-04 9.510845473981232928e-04 9.316541544701237255e-04 8.565092981493192337e-04 8.379682810757847419e-04 7.503376350376365260e-04 7.053189873534432795e-04 6.639802482515399801e-04 6.288341477026789623e-04 5.902584541101220904e-04 5.242206674769898499e-04 4.929951332800960309e-04 4.193241952294889867e-04 3.320708695462457278e-04 2.529646925113603214e-04 1.876253600470534171e-04 1.656643552020673762e-04 1.467118865883387400e-04 1.382626543058346094e-04 1.113796245693598726e-04 1.275393227763773965e-05 1.198047868286750432e-05 1.129706273772708932e-05 1.078062288794459449e-05 1.040239951662769468e-05 1.012342981416613733e-05 9.911059242432518766e-06 9.739768915475411970e-06 9.589320534154954494e-06 9.442842821009290091e-06 9.285295473841237389e-06 9.102430984135770101e-06 8.880660106203159445e-06 8.608703006941254720e-06 8.281708311605529476e-06 7.905989480431378788e-06 7.498060881415175867e-06
1.194162175225862814e-03 1.061371602270248619e-03 9.700160490987515174e-04 8.775695949294161965e-04 8.775695949294161965e-04 7.961419405906045282e-04 7.185777205087667732e-04 6.407382414329230958e-04 5.933461512250014008e-04 5.464299186187658759e-04 4.972103483618019616e-04 4.696907961449735529e-04 4.058793915748295220e-04 3.236122085459868804e-04 2.375811954779358411e-04 1.773613117874523132e-04 1.623457446298972034e-04 1.367352588233003278e-04 1.115413740459320671e-04 9.623599108938264376e-05 1.395775719295492816e-05 1.221575791794934407e-05 1.129697997017748176e-05 1.074134805796969954e-05 1.037674897811830224e-05 1.012360362711778043e-05 9.937663700125675745e-06 9.790323943859764936e-06 9.660614471200317329e-06 9.531285473326724160e-06 9.386358457292521138e-06 9.209184257545801586e-06 8.981276918398835001e-06 8.684088876402885597e-06 8.307557551322592235e-06 7.864873627779867487e-06 7.395791997334680576e-06
1.321891042648015713e-03 1.144846173622526657e-03 9.812980675820534744e-04 8.561402472816499352e-04 8.561402472816499352e-04 7.916137639570321139e-04 7.265448723541922211e-04 6.696402123665039317e-04 6.214673518728155033e-04 5.691202822084158149e-04 5.286183355863588451e-04 4.899977682445296693e-04 4.336315292725494218e-04 3.529525076950561528e-04 2.606429756654319663e-04 2.117521263176858591e-04 2.027179330320004469e-04 1.500802773880308117e-04 9.586978759719725837e-05 6.183829162302954395e-05 1.281799154052350463e-05 1.162781582579744170e-05 1.093375116706357726e-05 1.051104039563897363e-05 1.023964471075753116e-05 1.005657201606132319e-05 9.925667987092821811e-06 9.823248688637598795e-06 9.731527933459390353e-06 9.635326143805318652e-06 9.519668624456014794e-06 9.366670670356584935e-06 9.151174433443007178e-06 8.838818028948694416e-06 8.399559389502799580e-06 7.850155482030310975e-06 7.279816538913256328e-06
1.204980012226420207e-03 1.181757465487752370e-03 1.078165707321404425e-03 9.730530579629753304e-04 9.596858761665254516e-04 8.737674207731924506e-04 7.914817276022001902e-04 7.287351438781411667e-04 6.741929565086272934e-04 6.031465369013997921e-04 5.653379198436020697e-04 4.976739137125252548e-04 4.318476551772583807e-04 3.589991667781259059e-04 2.837527044816179692e-04 2.307852754855901846e-04 2.077930070229977780e-04 1.358585553548238812e-04 7.656459332374935145e-05 1.151387839878441242e-05 1.089813250300935099e-05 1.054376267765314095e-05 1.029916847664074739e-05 1.012941764676526950e-05 1.001421745321070228e-05 9.937371739277543905e-06 9.885187543547119807e-06 9.845474890138297802e-06 9.806922430194082689e-06 9.758822543979379084e-06 9.690319226369326129e-06 9.586655365981324752e-06 9.417932116068061744e-06 9.120449416446044650e-06 8.601706495709871743e-06 7.856372371924945271e-06 7.125329610225290263e-06
