outputs/starting_ebb_vel.asc
ncols 259
nrows 149
xllcorner 0.0
yllcorner 0.0
cellsize 1.15722698403
[rows 68 to 84 of 149, columns 148 to 184 of 259]
1.532353410295994429e-05 1.351526683380455708e-05 1.203822836621183953e-05 1.076587483188556404e-05 9.662992994012471138e-06 8.727413637789059359e-06 7.962109732976973425e-06 7.362739741143904008e-06 6.912036416962370904e-06 6.585788417134953870e-06 6.362307367474573281e-06 6.232352574062693090e-06 6.383128804224498260e-06 6.930518138598050483e-06 8.232067845384331525e-06 1.081436581337649655e-05 3.568259726989256910e-05 3.568259726989256910e-05 -5.285479145441522884e-05 -1.422285235497599090e-04 -2.120077235236881782e-04 -1.824783286974971416e-04 -3.838780824614671113e-05 8.102602346367262110e-05 2.068879822692194130e-04 3.057169667498996820e-04 3.057169667498996820e-04 3.093000854206993055e-04 3.454705553204684941e-04 5.336446228809468015e-04 7.869777752954507880e-04 8.679420656809743503e-04 8.679420656809743503e-04 8.060312228401045722e-04 5.609096201896656341e-04 4.873339716117606698e-04 6.922486114536774210e-04
1.364128519068944417e-05 1.223273492957401958e-05 1.095385090236002653e-05 9.759268038474034566e-06 8.680316289236580365e-06 7.759875948501282163e-06 7.026493828531858378e-06 6.487022251352635310e-06 6.114426927851180248e-06 5.866029148646627174e-06 5.700653771986212766e-06 5.587937482479577051e-06 5.556845948792055550e-06 5.955758972562974988e-06 7.502645949810322209e-06 1.151791011844796009e-05 1.151791011844796009e-05 8.820596020387258646e-06 -2.599110386506633030e-05 -1.248072368894997421e-04 -1.845709624950118359e-04 -1.349146084770713847e-04 -4.570566389489058383e-05 1.228115420607315471e-04 2.198265985074631052e-04 2.647638021515882618e-04 3.332766295303749579e-04 3.332766295303749579e-04 3.098661680319139623e-04 2.214918140013310318e-04 5.637073867261390564e-04 6.568722915282390173e-04 6.568722915282390173e-04 6.447678781252297320e-04 6.315949677332373738e-04 6.483658745440850756e-04 7.559578649734922723e-04
1.173286708886032795e-05 1.082053679144125265e-05 9.785172275180513990e-06 8.637030130414368820e-06 7.539128175958260849e-06 6.605280038447921931e-06 5.896967381296352031e-06 5.444428507883516442e-06 5.192619894443327315e-06 5.063247477613646815e-06 4.986341089344219248e-06 4.898076794226681317e-06 4.723843206005347123e-06 4.367829228738024534e-06 4.304846862845796077e-06 1.530118701120669608e-05 1.530118701120669608e-05 4.501674351698749086e-06 -2.935280907100342707e-05 -1.199252908155402160e-04 -9.326603593094661099e-05 -9.326603593094661099e-05 -5.142818127195287515e-05 1.291343094632263261e-04 1.807715967299345977e-04 2.960024876733322887e-04 4.119534910669446536e-04 4.150440930810582072e-04 4.150440930810582072e-04 2.636785095663408290e-04 2.300525162927016646e-04 4.961401029108498213e-04 5.551628822640896884e-04 6.913185904649637179e-04 6.913185904649637179e-04 6.729564078389086400e-04 9.124848963221266276e-04
9.889248350407867075e-06 9.531372872149781450e-06 8.729271276506707811e-06 7.464552032044626911e-06 6.233886245733576817e-06 5.225148648036372050e-06 4.511667150321687858e-06 4.201104504441803629e-06 4.207999778020134849e-06 4.283386313550553782e-06 4.294185399077509000e-06 4.294185399077509000e-06 4.108800011413677007e-06 3.357601907103168697e-06 7.036683480596295214e-07 4.511037966954284812e-05 4.511037966954284812e-05 5.769973005044244805e-06 -3.559075505665373266e-05 -7.620315463705118583e-05 -9.015799981950984188e-05 -4.948500929336123780e-05 -4.641450114854236237e-05 2.036052711059591945e-05 1.650733388200189265e-04 4.619794734142072530e-04 5.229782183015184698e-04 5.229782183015184698e-04 4.508911772739109675e-04 3.765004196289854668e-04 2.741350568153069116e-04 4.511382596010150175e-04 5.556330382189019314e-04 5.635605850810226436e-04 5.635605850810226436e-04 6.232939603300890205e-04 7.407316074478989543e-04
8.686435070242840868e-06 8.686435070242840868e-06 8.135987926652362903e-06 6.258020475523725447e-06 4.706716126894765396e-06 3.549761157642569258e-06 2.723448067512054738e-06 2.991782480795758936e-06 3.336988656490978327e-06 3.645018987760424453e-06 3.886478477119289065e-06 4.059569533468368960e-06 4.250110040201618589e-06 5.041516994769312120e-06 9.732720517936619174e-06 4.272972768051175763e-05 4.272972768051175763e-05 2.713043100420240331e-05 -4.979571248350031233e-05 -9.615547622019183778e-05 -1.309039551606793134e-04 -6.277826333606514018e-05 1.684051042633444702e-05 5.546192875881509764e-05 2.362498008784628663e-04 3.783250329161517316e-04 5.472287942774126937e-04 5.472287942774126937e-04 5.406011287650961707e-04 4.809971440370249722e-04 4.809971440370249722e-04 3.148365708504668103e-04 6.043165061856277344e-04 6.043165061856277344e-04 6.023204791846409074e-04 7.543553438922365835e-04 8.295254121740124878e-04
8.642658969212026733e-06 8.870224884336389245e-06 8.870224884336389245e-06 4.724825816503455744e-06 2.785196628678979151e-06 1.543731788127077224e-06 8.834477277979833866e-07 1.781818907130049318e-06 2.503153379387306655e-06 3.073222503881116772e-06 3.547139988170777612e-06 3.992889605138867464e-06 4.541751725465613567e-06 5.479569072879698409e-06 7.205403391737936579e-06 2.493867180140275005e-05 3.636004848048796605e-05 3.636004848048796605e-05 -4.326656228686874734e-05 -1.087202338877979121e-04 -1.733390078926661773e-04 -8.912862204094025933e-05 4.775087290522464832e-06 1.108135527790538515e-04 2.648608963255215712e-04 3.843037119406570996e-04 4.824199579147615000e-04 5.307085042867366789e-04 6.722743955217216514e-04 1.089804238641790129e-03 1.089804238641790129e-03 7.856701903711965944e-04 6.711006217269741524e-04 6.711006217269741524e-04 6.693232731851691359e-04 8.033041052876166432e-04 9.428565476333941988e-04
9.088406230496122478e-06 1.397742682497776835e-05 5.726734951232667240e-05 5.726734951232667240e-05 2.360457625941677121e-05 -4.620954515649129373e-06 -1.080391958021889142e-06 7.488920405391781538e-07 1.820583450046899455e-06 2.597577660206004956e-06 3.235969366543983261e-06 3.823097173450603413e-06 4.444438183642304533e-06 5.129604179545934757e-06 5.795520882623214799e-05 5.795520882623214799e-05 3.064417108652416598e-05 2.080001036439769872e-05 -2.195523646985808114e-05 -7.748505437836757993e-05 -1.322048267635578397e-04 -1.161649811615541651e-04 -6.207607581536413882e-05 1.631706411440772260e-04 3.384265032361455329e-04 4.024295931425293880e-04 5.120920041160667699e-04 5.510226562776909072e-04 6.877419139769849841e-04 9.329434155266569080e-04 9.329434155266569080e-04 9.911983931297255971e-04 9.911983931297255971e-04 7.989235766154398517e-04 6.091484872043261478e-04 6.938213326638197325e-04 7.419656578360059665e-04
1.424999711890715792e-04 1.441858232012331890e-04 1.441858232012331890e-04 1.311176347631773083e-04 8.951131295635473704e-05 4.955498327747869907e-05 -1.332953084775701178e-06 4.735577630016030611e-07 1.432710720055120233e-06 2.260535320352079841e-06 2.976062644348562731e-06 3.619091538477117364e-06 4.283299656107193452e-06 5.238792749364533746e-06 6.772158499145775187e-05 6.772158499145775187e-05 6.080450486681264510e-05 3.611556060478494722e-05 -2.349834350719130020e-05 -2.557507151167149112e-05 -2.557507151167149112e-05 -7.660550356177650815e-05 -8.985328996650501223e-05 1.294963450730409371e-04 4.039323079626050373e-04 5.959299178167027722e-04 6.525388280258042056e-04 6.525388280258042056e-04 6.501948851579288221e-04 7.129561022133852665e-04 7.129561022133852665e-04 7.740959785092430684e-04 7.807789208426435491e-04 7.807789208426435491e-04 6.165328839857466209e-04 6.081307126653730244e-04 7.331905277114233793e-04
6.299124061047488374e-04 5.171156400520340087e-04 4.302805942327681422e-04 3.325420279826255096e-04 2.227344025947573488e-04 1.335165511811318235e-04 7.314919953125592525e-05 1.045581376187881634e-06 1.176166346819769243e-06 2.035790256798587608e-06 2.788654352021238594e-06 3.393906680001836694e-06 3.830876152945002393e-06 3.891880893903737564e-06 5.999684165129192737e-05 6.523390047021192174e-05 6.523390047021192174e-05 4.497540113546914288e-05 1.566467210430334849e-05 8.782247831049935910e-06 8.782247831049935910e-06 -2.836046789250325507e-05 -3.783018792841129227e-05 2.012946934391696661e-04 4.127827822963547498e-04 7.642453497265733154e-04 7.642453497265733154e-04 7.625240125973061119e-04 7.615550948565147013e-04 7.615550948565147013e-04 7.384616371968019850e-04 6.601334019500739499e-04 7.253709378290109852e-04 7.253709378290109852e-04 6.288830902103863642e-04 5.328523803446725323e-04 4.842445841694327643e-04
1.427851403722794508e-03 1.173439104208317402e-03 9.452165662336735807e-04 7.113978431862233226e-04 5.206256726871211042e-04 3.709488726257579075e-04 2.536125989022591765e-04 1.802551353309142686e-04 9.423928708140178584e-05 6.461836357414684645e-06 2.748857826936066447e-06 3.337004676563731772e-06 3.754417381767418468e-06 3.754417381767418468e-06 5.039522937246270206e-05 6.236875430234254812e-05 6.236875430234254812e-05 2.951381777932810799e-05 2.951381777932810799e-05 7.047414448304680000e-05 7.047414448304680000e-05 -2.898013995953798149e-06 9.917268086180086367e-06 3.523887217553048020e-04 5.565019932057261491e-04 5.882662703036354267e-04 9.562703975100611672e-04 1.051442219744096705e-03 1.132150937357193988e-03 1.132150937357193988e-03 1.097210910798997359e-03 9.194603048635893250e-04 7.770329853417188995e-04 7.770329853417188995e-04 7.563163322698873182e-04 6.674102685709420784e-04 6.405972924761302485e-04
1.973459963513829810e-03 1.665977856770486498e-03 1.375392086328454389e-03 1.118899186008252659e-03 9.151398285171324313e-04 7.851713440135621924e-04 5.932360573951316399e-04 4.328100137887533946e-04 3.092316892406443024e-04 1.761206999188639295e-04 4.237922343332310124e-05 3.450836817549493669e-06 4.367651549825479372e-06 7.333576710099862282e-05 8.728833766758609374e-05 8.728833766758609374e-05 7.974315589128685717e-05 1.434089870227565021e-04 1.434089870227565021e-04 1.182800131253404404e-04 1.182800131253404404e-04 8.847125735581332345e-05 -7.639002472746073938e-06 3.370798676986117492e-04 7.162906678844823804e-04 7.162906678844823804e-04 8.601897467473810805e-04 1.153758396443263804e-03 1.318647784694070187e-03 1.441437539715425186e-03 1.820423471780856835e-03 1.820423471780856835e-03 1.245218707364181962e-03 1.061902058561154825e-03 9.144030969238332645e-04 7.703727703933316642e-04 7.248846004350344499e-04
2.344779007390971910e-03 2.086254340219980286e-03 1.832405740217428209e-03 1.617423207006177602e-03 1.424671377252261515e-03 1.271432148977410777e-03 1.143000158512635011e-03 9.144105162028748736e-04 6.287559360691868373e-04 4.149817472314152830e-04 2.866532150273107303e-04 1.997941913058722853e-04 2.215319311211947587e-04 2.215319311211947587e-04 2.138281540659765832e-04 1.843734538813998223e-04 1.913437670074510835e-04 2.247860842602559031e-04 2.247860842602559031e-04 1.973932351144161077e-04 2.681131568253762522e-04 2.681131568253762522e-04 2.081038930227012342e-04 2.504488482112065791e-04 4.107693137805653433e-04 4.831843588232757262e-04 6.325334930753776300e-04 9.628179836808640124e-04 1.036545238792348569e-03 1.143762402218460785e-03 1.630056247792278186e-03 2.408797096571737434e-03 2.510038087672025481e-03 2.510038087672025481e-03 2.214164399352418558e-03 2.010947452859066127e-03 1.971963781722089592e-03
2.483976059352100644e-03 2.259998743144772324e-03 2.036089540059396984e-03 1.857200832076731341e-03 1.690650269936220433e-03 1.619302940024767426e-03 1.538586185724312655e-03 1.357906457557861045e-03 1.149720299283205982e-03 9.789835461217434240e-04 7.796159591722300270e-04 5.932782107724343711e-04 5.264952746088557081e-04 4.811204758332198058e-04 4.173620013248703414e-04 3.166228811910888662e-04 2.992675919716476785e-04 3.054179153472069870e-04 3.054179153472069870e-04 2.900614529638293544e-04 4.684669645543582161e-04 7.410808504383299732e-04 7.410808504383299732e-04 6.174445953030233266e-04 3.515040461799736780e-04 3.750268720625023807e-04 4.648660844989369045e-04 7.207021767819288705e-04 8.116782224790865079e-04 1.006539334942419374e-03 1.315190099990001240e-03 1.524812562844287626e-03 1.524812562844287626e-03 1.522103694783682537e-03 1.620535196235223588e-03 1.818328560589104132e-03 1.861604600530105021e-03
2.417054605992868376e-03 2.329778923822518714e-03 2.218096753304461474e-03 2.096904169436297153e-03 1.995423879667399328e-03 1.959691902837578954e-03 1.885405753632731244e-03 1.776503250936541968e-03 1.623150787620738665e-03 1.429916935191841111e-03 1.229987469037316459e-03 1.030318423080885983e-03 8.577945943631331942e-04 7.110260951623924167e-04 6.065746753310728798e-04 4.823631292171839122e-04 4.226293360130916948e-04 3.908141548668254885e-04 3.790887318404514940e-04 4.762111369384183258e-04 6.393236354722205443e-04 9.305270462056809948e-04 1.324134775003829589e-03 1.324134775003829589e-03 1.056175398243142582e-03 6.188620652276647120e-04 4.104073480570273754e-04 6.304618582658354838e-04 7.945627273156980787e-04 1.059392161748504060e-03 1.245760970893089502e-03 1.674813304584578952e-03 1.674813304584578952e-03 1.467140604666061386e-03 1.582788018379224695e-03 1.697223841371271573e-03 1.807959016914278180e-03
2.363511540781724519e-03 2.363511540781724519e-03 2.338543490715756876e-03 2.242610388419999639e-03 2.160315803864590670e-03 2.073576819963106246e-03 1.942160311610559905e-03 1.832192672381747567e-03 1.717475578744081730e-03 1.619299319364294384e-03 1.538370757039607276e-03 1.465120050061042428e-03 1.403146285346251049e-03 1.204026895374631610e-03 1.022620783378132454e-03 8.425362000996284477e-04 6.837788060283316559e-04 5.841229244793531665e-04 5.377506459312840796e-04 6.264317265873505002e-04 7.548478271943236768e-04 9.260880836022040855e-04 1.240981107087132072e-03 1.268684984534186339e-03 1.268684984534186339e-03 1.000799574836279404e-03 8.462075501079330264e-04 7.369203847934699403e-04 1.112805904512333003e-03 1.620210901074442674e-03 1.620210901074442674e-03 1.493303628252280572e-03 1.493303628252280572e-03 1.495932557252217191e-03 1.601380002881343072e-03 1.644557106026612887e-03 1.710953893630821551e-03
2.281421035458679452e-03 2.341797580190558420e-03 2.341797580190558420e-03 2.325418019502910241e-03 2.251039752253936477e-03 2.198138458038705577e-03 2.080837908406659668e-03 1.958131344660270917e-03 1.880968115764306350e-03 1.836358132286618249e-03 1.807977856910243826e-03 1.795926266815177797e-03 1.728311124228251337e-03 1.563154878763629114e-03 1.359577613187810691e-03 1.157260747063618665e-03 9.545391477507599943e-04 8.138204370279975963e-04 7.373048079907894422e-04 7.732187463240391316e-04 8.445760910414716561e-04 9.326648546436835550e-04 1.019008676649971580e-03 1.022851265927048146e-03 1.022851265927048146e-03 1.003246002291903602e-03 1.003246002291903602e-03 9.988106548473748257e-04 1.295579660950528511e-03 1.538414952031188360e-03 1.538414952031188360e-03 1.432874236634524472e-03 1.386300136950485923e-03 1.447687700540962498e-03 1.543317281751533342e-03 1.667593143131894124e-03 1.703937931014192376e-03
2.086356525481284068e-03 2.131085425177676497e-03 2.131085425177676497e-03 2.005984485810561636e-03 2.070409063255811664e-03 2.087098626963570808e-03 2.087098626963570808e-03 2.052671381922842146e-03 1.984237748961501131e-03 1.936531733680149636e-03 1.901328306735431198e-03 1.858519320116215102e-03 1.778997016134917447e-03 1.647356693222258020e-03 1.466025625575639391e-03 1.273683566487741545e-03 1.098129681510852515e-03 9.770359713301096736e-04 9.129566706891809828e-04 9.443598803081152239e-04 1.025324669326459475e-03 1.140978391137513611e-03 1.140978391137513611e-03 1.128688601412208966e-03 1.081804570324227527e-03 1.076340452986004892e-03 1.100515843854787523e-03 1.146151040656392516e-03 1.282882345062637264e-03 1.401392490608408719e-03 1.401392490608408719e-03 1.448307467264780060e-03 1.448307467264780060e-03 1.441631712270337404e-03 1.435373209342853370e-03 1.526545546412564963e-03 1.694528743213414689e-03
