outputs/starting_mean_water__depth.asc
ncols 259
nrows 149
xllcorner 0.0
yllcorner 0.0
cellsize 1.15722698403
[rows 51 to 67 of 149, columns 0 to 36 of 259]
1.343440771102905273e+00 1.140411257743835449e+00 1.097369432449340820e+00 9.990904331207275391e-01 1.253451704978942871e+00 1.374662637710571289e+00 1.276702642440795898e+00 1.137416958808898926e+00 1.203792214393615723e+00 1.270290732383728027e+00 1.073135852813720703e+00 1.205048084259033203e+00 1.357545137405395508e+00 1.162356853485107422e+00 1.208265781402587891e+00 1.442841291427612305e+00 1.327609419822692871e+00 1.150489449501037598e+00 1.018201112747192383e+00 1.050392270088195801e+00 1.082104682922363281e+00 1.291656374931335449e+00 1.168319940567016602e+00 1.073250174522399902e+00 9.653244018554687500e-01 9.511492252349853516e-01 9.301356077194213867e-01 9.971593618392944336e-01 1.120226383209228516e+00 7.235841751098632812e-01 3.950176937208175754e-01 4.019973678216934299e-01 4.172628698573112582e-01 4.332820577249527072e-01 4.484396530017852878e-01 4.641850245819091891e-01 4.790705991611480807e-01
1.480908274650573730e+00 1.417961955070495605e+00 1.306301236152648926e+00 1.050428628921508789e+00 1.222912430763244629e+00 1.261051297187805176e+00 1.063300967216491699e+00 1.018493175506591797e+00 1.104355454444885254e+00 1.191290378570556641e+00 1.045310735702514648e+00 1.166320562362670898e+00 1.365923285484313965e+00 1.499739289283752441e+00 1.575053572654724121e+00 1.570142507553100586e+00 1.282070755958557129e+00 1.101770520210266113e+00 9.164373874664306641e-01 9.241768121719360352e-01 9.589425921440124512e-01 1.102232813835144043e+00 9.533075094223022461e-01 9.824276566505432129e-01 9.696186184883117676e-01 9.429345726966857910e-01 9.285332560539245605e-01 9.785490036010742188e-01 1.073040604591369629e+00 7.183156609535217285e-01 3.903959495649337863e-01 3.945459974632263278e-01 3.989851576910019015e-01 4.161248234734535312e-01 4.335497272834777926e-01 4.519769204483032321e-01 4.715552581176757907e-01
1.480322480201721191e+00 1.516611814498901367e+00 1.560978770256042480e+00 1.301739692687988281e+00 1.331298947334289551e+00 1.350227952003479004e+00 1.210007190704345703e+00 1.132507562637329102e+00 1.119367957115173340e+00 1.131098747253417969e+00 1.174018263816833496e+00 1.111929178237915039e+00 1.181083798408508301e+00 1.439841747283935547e+00 1.688192129135131836e+00 1.644742250442504883e+00 1.203257203102111816e+00 1.057299494743347168e+00 9.831120967864990234e-01 1.118841528892517090e+00 1.196909308433532715e+00 1.140214681625366211e+00 8.657550215721130371e-01 9.285308718681335449e-01 9.827092885971069336e-01 9.172528982162475586e-01 9.142758250236511230e-01 9.587769508361816406e-01 9.956132173538208008e-01 6.956547498703002930e-01 3.961707977280616855e-01 3.944242773280143832e-01 3.834547055587768649e-01 3.976081041321754550e-01 4.150547040328979587e-01 4.359380332455635165e-01 4.750498933420181369e-01
1.496653437614440918e+00 1.537633180618286133e+00 1.574280023574829102e+00 1.479023694992065430e+00 1.451405644416809082e+00 1.415138602256774902e+00 1.347552418708801270e+00 1.289782524108886719e+00 1.242544770240783691e+00 1.189246177673339844e+00 1.178065538406372070e+00 1.103519320487976074e+00 1.069769024848937988e+00 1.308656573295593262e+00 1.617335677146911621e+00 1.676080346107482910e+00 1.308595061302185059e+00 1.185955882072448730e+00 1.080775856971740723e+00 1.223307251930236816e+00 1.356467127799987793e+00 1.269653201103210449e+00 9.006679058074951172e-01 8.501482009887695312e-01 8.445398807525634766e-01 8.959146738052368164e-01 9.294384717941284180e-01 9.907119274139404297e-01 9.894507527351379395e-01 8.967543244361877441e-01 4.777656448707580661e-01 3.976348815188407992e-01 3.748362948820591067e-01 3.792408136353492831e-01 3.983294991478920077e-01 4.399873716459274386e-01 5.405080271587372476e-01
1.674771428108215332e+00 1.617789745330810547e+00 1.549911022186279297e+00 1.586033344268798828e+00 1.521587133407592773e+00 1.476202368736267090e+00 1.388708233833312988e+00 1.393371820449829102e+00 1.278919696807861328e+00 1.200570702552795410e+00 1.132404088973999023e+00 1.126374006271362305e+00 1.027570605278015137e+00 1.189266681671142578e+00 1.326012372970581055e+00 1.576652526855468750e+00 1.442884206771850586e+00 1.374063372611999512e+00 1.117375850677490234e+00 1.109477758407592773e+00 1.271858811378479004e+00 1.191137909889221191e+00 1.008276462554931641e+00 8.319784402847290039e-01 7.790029644966125488e-01 8.374914526939392090e-01 8.665595650672912598e-01 9.844080805778503418e-01 9.978604912757873535e-01 1.068300127983093262e+00 6.839528679847717285e-01 4.565389258489608859e-01 3.795987767801284885e-01 3.698592884168624972e-01 4.149941382632255649e-01 5.272454274520874673e-01 6.257307482585907632e-01
1.726572513580322266e+00 1.616165399551391602e+00 1.554226994514465332e+00 1.666860938072204590e+00 1.598536968231201172e+00 1.603130459785461426e+00 1.493584871292114258e+00 1.508444666862487793e+00 1.338737726211547852e+00 1.228935480117797852e+00 1.090000987052917480e+00 1.141961455345153809e+00 9.959922432899475098e-01 1.132024526596069336e+00 1.140717625617980957e+00 1.384112834930419922e+00 1.468281269073486328e+00 1.489632606506347656e+00 1.117659211158752441e+00 9.765625000000000000e-01 1.186129808425903320e+00 1.179127454757690430e+00 1.053723931312561035e+00 8.745168447494506836e-01 8.563128113746643066e-01 8.119415044784545898e-01 8.280876278877258301e-01 9.324383139610290527e-01 9.449809789657592773e-01 1.008967518806457520e+00 9.324867129325866699e-01 7.510520219802856445e-01 5.721856457815170938e-01 4.635079158172607516e-01 5.156722170934677774e-01 6.439813924655914956e-01 6.894214153289794922e-01
1.627677083015441895e+00 1.594194650650024414e+00 1.617912292480468750e+00 1.706320405006408691e+00 1.623690366744995117e+00 1.624689817428588867e+00 1.554784536361694336e+00 1.482645034790039062e+00 1.450695753097534180e+00 1.265248298645019531e+00 1.157940864562988281e+00 1.190642833709716797e+00 1.037621498107910156e+00 1.174380779266357422e+00 1.209193229675292969e+00 1.269337058067321777e+00 1.322091102600097656e+00 1.215817570686340332e+00 1.139995694160461426e+00 1.231638550758361816e+00 1.291700005531311035e+00 1.297637701034545898e+00 1.163441181182861328e+00 1.002481579780578613e+00 9.398442506790161133e-01 8.454077839851379395e-01 8.562069535255432129e-01 8.880248665809631348e-01 8.793776631355285645e-01 8.956501483917236328e-01 9.560701847076416016e-01 9.897254705429077148e-01 8.948957920074462891e-01 7.832633852958679199e-01 7.226770520210266113e-01 7.189146280288696289e-01 6.280869198665619546e-01
1.526035666465759277e+00 1.531534910202026367e+00 1.581441044807434082e+00 1.670225381851196289e+00 1.606525897979736328e+00 1.549637913703918457e+00 1.538058519363403320e+00 1.359046936035156250e+00 1.496587157249450684e+00 1.274235367774963379e+00 1.321679472923278809e+00 1.246089220046997070e+00 1.313939094543457031e+00 1.321739554405212402e+00 1.306881904602050781e+00 1.176702380180358887e+00 8.865575790405273438e-01 6.223965836391449624e-01 8.944716453552246094e-01 1.405263304710388184e+00 1.276430487632751465e+00 1.147031068801879883e+00 1.176694273948669434e+00 1.079614162445068359e+00 9.953755736351013184e-01 9.492188096046447754e-01 8.753847479820251465e-01 8.433769941329956055e-01 8.044510483741760254e-01 8.045213222503662109e-01 9.184039235115051270e-01 8.822333216667175293e-01 9.414994120597839355e-01 9.969545006752014160e-01 9.799940586090087891e-01 9.509671330451965332e-01 6.012126756534577066e-01
1.183780789375305176e+00 1.131261467933654785e+00 1.175298094749450684e+00 1.394614219665527344e+00 1.440194129943847656e+00 1.426481008529663086e+00 1.428808212280273438e+00 1.268633365631103516e+00 1.433681726455688477e+00 1.370420217514038086e+00 1.424885392189025879e+00 1.297618508338928223e+00 1.361954808235168457e+00 1.421717762947082520e+00 1.537847757339477539e+00 1.178125977516174316e+00 5.837582302913666421e-01 4.670810056552887057e-01 5.822263313159943277e-01 1.204506993293762207e+00 1.333434343338012695e+00 1.197524189949035645e+00 1.163976788520812988e+00 1.064268350601196289e+00 1.046153545379638672e+00 1.013447880744934082e+00 8.843318819999694824e-01 9.130396842956542969e-01 9.071894288063049316e-01 8.631899952888488770e-01 9.201886057853698730e-01 8.469074964523315430e-01 9.486288428306579590e-01 9.912503957748413086e-01 1.035711407661437988e+00 1.082836866378784180e+00 8.215066790580749512e-01
5.065924776420593911e-01 3.536958479956388568e-01 2.963083823845386600e-01 4.294489947781562900e-01 6.364083541259766275e-01 7.831332683563232422e-01 1.034452915191650391e+00 1.249471306800842285e+00 1.253923058509826660e+00 1.374828100204467773e+00 1.356304883956909180e+00 1.255906105041503906e+00 1.251827955245971680e+00 1.416529655456542969e+00 1.617536187171936035e+00 1.107521176338195801e+00 5.592580390796662027e-01 5.084657026157379800e-01 5.291324210987091714e-01 8.549475669860839844e-01 1.357311248779296875e+00 1.494738221168518066e+00 1.259607195854187012e+00 1.100756883621215820e+00 1.099899888038635254e+00 9.709175229072570801e-01 8.551309108734130859e-01 9.451296925544738770e-01 9.908354282379150391e-01 9.634572863578796387e-01 1.021205067634582520e+00 1.011936306953430176e+00 1.020257949829101562e+00 1.005025267601013184e+00 1.015426158905029297e+00 1.007853984832763672e+00 9.713122248649597168e-01
1.000000000000000021e-02 1.000000000000000021e-02 1.000000000000000021e-02 1.000000000000000021e-02 1.000000000000000021e-02 1.235314709768295383e-01 4.200480458960533237e-01 9.162852168083190918e-01 1.018344759941101074e+00 1.252250552177429199e+00 1.297216892242431641e+00 1.262820720672607422e+00 1.262402653694152832e+00 1.405156731605529785e+00 1.529561161994934082e+00 9.377975463867187500e-01 5.897647691593170816e-01 5.642953319177628213e-01 5.600978685245514566e-01 6.415404034481049234e-01 1.088634133338928223e+00 1.530229330062866211e+00 1.182990074157714844e+00 1.169551849365234375e+00 1.128283143043518066e+00 9.690285325050354004e-01 9.096164107322692871e-01 9.817034602165222168e-01 1.046527385711669922e+00 1.013138651847839355e+00 1.061680078506469727e+00 1.116129994392395020e+00 1.078151226043701172e+00 9.833889007568359375e-01 9.122429490089416504e-01 8.731781244277954102e-01 9.456185102462768555e-01
1.000000000000000021e-02 1.000000000000000021e-02 1.000000000000000021e-02 1.000000000000000021e-02 1.000000000000000021e-02 1.000000000000000021e-02 1.000000000000000021e-02 4.657276821956634616e-01 8.451076149940490723e-01 1.177218437194824219e+00 1.344234108924865723e+00 1.387378573417663574e+00 1.350422382354736328e+00 1.380952596664428711e+00 1.413611412048339844e+00 8.564908504486083984e-01 6.187646938190460855e-01 5.965069783554077798e-01 5.921642733440399820e-01 6.185866845474243814e-01 8.186140060424804688e-01 1.321364998817443848e+00 1.207457661628723145e+00 1.317334890365600586e+00 1.101159334182739258e+00 1.052646994590759277e+00 1.110335588455200195e+00 1.170872330665588379e+00 1.175834417343139648e+00 1.037317872047424316e+00 9.870349168777465820e-01 1.073418021202087402e+00 1.098810911178588867e+00 8.970146775245666504e-01 8.216274976730346680e-01 6.758893728256225586e-01 6.687204241752624512e-01
1.000000000000000021e-02 1.000000000000000021e-02 1.000000000000000021e-02 1.000000000000000021e-02 1.000000000000000021e-02 1.000000000000000021e-02 1.000000000000000021e-02 1.265980852470398044e-01 5.316775394306183511e-01 1.061288595199584961e+00 1.358976483345031738e+00 1.431517720222473145e+00 1.371120214462280273e+00 1.333368062973022461e+00 1.255516648292541504e+00 8.541798591613769531e-01 6.537939310073852539e-01 6.261347783432007486e-01 6.094347489700318032e-01 6.078782034740448648e-01 6.617097258567810059e-01 1.102214694023132324e+00 1.367530226707458496e+00 1.417658567428588867e+00 1.228935956954956055e+00 1.219437718391418457e+00 1.319371700286865234e+00 1.343263745307922363e+00 1.292494773864746094e+00 1.196770906448364258e+00 1.129981994628906250e+00 1.148018240928649902e+00 1.079722642898559570e+00 8.139559626579284668e-01 7.653769254684448242e-01 6.253142906055451089e-01 6.094877673015595132e-01
1.000000000000000021e-02 1.000000000000000021e-02 1.000000000000000021e-02 1.000000000000000021e-02 1.000000000000000021e-02 1.000000000000000021e-02 1.000000000000000021e-02 1.000000000000000021e-02 1.064603430852890109e-01 5.844827843532562905e-01 1.117840290069580078e+00 1.296832680702209473e+00 1.269546747207641602e+00 1.277772068977355957e+00 1.166106104850769043e+00 8.792728185653686523e-01 7.037580013275146484e-01 6.308999908790589028e-01 5.963345719203949624e-01 5.946301174983978921e-01 6.155264330730438882e-01 9.320665597915649414e-01 1.414197564125061035e+00 1.476076006889343262e+00 1.423776745796203613e+00 1.329832196235656738e+00 1.290446996688842773e+00 1.223736047744750977e+00 1.204028487205505371e+00 1.251432538032531738e+00 1.348963618278503418e+00 1.349603533744812012e+00 1.100484132766723633e+00 8.338083624839782715e-01 8.735199570655822754e-01 7.630740404129028320e-01 7.128505706787109375e-01
1.000000000000000021e-02 1.000000000000000021e-02 1.000000000000000021e-02 1.000000000000000021e-02 1.000000000000000021e-02 1.000000000000000021e-02 1.000000000000000021e-02 1.000000000000000021e-02 1.000000000000000021e-02 1.230789525136947726e-01 4.611045671329498385e-01 6.535524725914001465e-01 8.871635794639587402e-01 1.118973493576049805e+00 1.205018639564514160e+00 9.359481930732727051e-01 6.852707862854003906e-01 5.901478482112885171e-01 5.744877112731934243e-01 5.787195218429566079e-01 5.916042579040527993e-01 7.717392444610595703e-01 1.378246426582336426e+00 1.511753320693969727e+00 1.525563597679138184e+00 1.427166819572448730e+00 1.255697607994079590e+00 1.184248447418212891e+00 1.210850000381469727e+00 1.258734703063964844e+00 1.344605803489685059e+00 1.321040868759155273e+00 1.087399244308471680e+00 9.298077821731567383e-01 9.379516243934631348e-01 9.706083536148071289e-01 9.290408492088317871e-01
1.000000000000000021e-02 1.000000000000000021e-02 1.000000000000000021e-02 1.000000000000000021e-02 1.000000000000000021e-02 1.000000000000000021e-02 1.000000000000000021e-02 1.000000000000000021e-02 1.000000000000000021e-02 1.000000000000000021e-02 1.168383313045501803e-01 4.246334684715271091e-01 6.663604974746704102e-01 1.049446344375610352e+00 1.363177418708801270e+00 1.142643451690673828e+00 6.218062592372894937e-01 5.538734001741409951e-01 5.353203219995499307e-01 5.208094073162079507e-01 5.150190395936966592e-01 6.043504429683685952e-01 1.220533728599548340e+00 1.613486886024475098e+00 1.643500447273254395e+00 1.550027489662170410e+00 1.465345382690429688e+00 1.479926586151123047e+00 1.485070109367370605e+00 1.541363954544067383e+00 1.442229151725769043e+00 1.200826048851013184e+00 1.049677491188049316e+00 9.322795867919921875e-01 8.912199139595031738e-01 1.000566840171813965e+00 9.428027272224426270e-01
1.000000000000000021e-02 1.000000000000000021e-02 1.000000000000000021e-02 1.000000000000000021e-02 1.000000000000000021e-02 1.000000000000000021e-02 1.000000000000000021e-02 1.000000000000000021e-02 1.000000000000000021e-02 1.000000000000000021e-02 1.264160824642181491e-01 4.470078823790550326e-01 7.429316043853759766e-01 1.126803874969482422e+00 1.544384598731994629e+00 1.410745263099670410e+00 8.409331440925598145e-01 7.026138901710510254e-01 6.212907684669495278e-01 5.481098843441010171e-01 5.467262966260910684e-01 7.231178879737854004e-01 1.242581844329833984e+00 1.572565555572509766e+00 1.776480913162231445e+00 1.657517313957214355e+00 1.686849117279052734e+00 1.653751492500305176e+00 1.626499533653259277e+00 1.563578605651855469e+00 1.318630456924438477e+00 1.132321000099182129e+00 1.036818504333496094e+00 9.746947884559631348e-01 8.884926438331604004e-01 9.163309931755065918e-01 8.576565980911254883e-01
