outputs/starting_ebb_vel.asc
ncols 259
nrows 149
xllcorner 0.0
yllcorner 0.0
cellsize 1.15722698403
[rows 34 to 50 of 149, columns 111 to 147 of 259]
7.944079942586279152e-04 1.101884577679292446e-03 1.365219621750245020e-03 1.257270149300391713e-03 9.661408892815716559e-04 3.292398809286925109e-04 1.028835237091961208e-05 7.669612004424440735e-06 7.031825067075981967e-06 6.769741779317965789e-06 6.104138840012414961e-06 5.937517481863421023e-06 5.937517481863421023e-06 6.232888068334228602e-06 6.321362472829941067e-06 6.037040164740863692e-06 5.670935502743147346e-06 5.255938408332161782e-06 4.908915255005326659e-06 4.703275816924464334e-06 4.835708332240132437e-06 4.984751153775353054e-06 5.143300898435216573e-06 5.306389639426536072e-06 5.469924267312181584e-06 5.630321639714874999e-06 5.784448955900517856e-06 5.929651474376657872e-06 6.063832039630458628e-06 6.185567974897371893e-06 6.294220379512756624e-06 6.389957278223910670e-06 6.473601055968925502e-06 6.546247403512638958e-06 6.608690694157002059e-06 6.660789874802470692e-06 6.700935007885064000e-06
6.518722999496539368e-04 6.919869492112208122e-04 8.576483785902677768e-04 8.205559113294085775e-04 5.948972999036936148e-04 1.773037685062634752e-04 1.055412273682594583e-05 8.311631021242454656e-06 7.174317962177402377e-06 6.393278432085539271e-06 5.836303282767299377e-06 5.664630087453445033e-06 5.664630087453445033e-06 5.806835121964685677e-06 5.879990420023510254e-06 5.750181037612040755e-06 5.513007929541098890e-06 5.218676334508586135e-06 4.951847646043968638e-06 4.988952330052801159e-06 5.106798870772497746e-06 5.243269730807321865e-06 5.391014407310492622e-06 5.544811663925930151e-06 5.700655670846664306e-06 5.855300772258362329e-06 6.006069177122897148e-06 6.150794129442657544e-06 6.287838823001667041e-06 6.416152812957366619e-06 6.535323247579251181e-06 6.645570234097970132e-06 6.747639719117797053e-06 6.842572909046197406e-06 6.931373858229830605e-06 7.014630900828983101e-06 7.092130527939704835e-06
6.590897726414869954e-04 5.509248287248293737e-04 4.820291063341523418e-04 4.108239943648772153e-04 2.995985898859953428e-04 8.186142829245375639e-05 9.074343143692651027e-06 7.848471381542393056e-06 6.996475045369113088e-06 6.356611937440809333e-06 5.902050961458498178e-06 5.641268464558735592e-06 5.553744623541816120e-06 5.597126420235626642e-06 5.641583047687016915e-06 5.570685636142087945e-06 5.412238843300283359e-06 5.204612156769247107e-06 5.156181410651741856e-06 5.245081742185548523e-06 5.359265089989989635e-06 5.490514491370371443e-06 5.632675336073642506e-06 5.781186938120070803e-06 5.932585979890067117e-06 6.084156601349161942e-06 6.233732850889944137e-06 6.379617043269177721e-06 6.520576309976153185e-06 6.655881206351366943e-06 6.785349563749232377e-06 6.909360691470471000e-06 7.028814677358511067e-06 7.145030655324375625e-06 7.259600928887177969e-06 7.374229342343844111e-06 7.490558699870993087e-06
6.225576312097694937e-04 4.437963498461307342e-04 3.123903985967672555e-04 2.246392388389741805e-04 1.430239034343444408e-04 4.317967550562540899e-05 7.011436315865272137e-06 7.011436315865272137e-06 6.606498900315940759e-06 6.134643310849755605e-06 5.774020161066907853e-06 5.549953679244245777e-06 5.437633569744893847e-06 5.479448369062689775e-06 5.518529714346924980e-06 5.478739615968835414e-06 5.378081633413083557e-06 5.302016296875528879e-06 5.376274411691323852e-06 5.475928138047722427e-06 5.594665255631739879e-06 5.726847808610385231e-06 5.867985507494102718e-06 6.014674772590230085e-06 6.164344709244514566e-06 6.315006802358300442e-06 6.465088581817980695e-06 6.613364882768488802e-06 6.758968167282250265e-06 6.901446138722829093e-06 7.040833109595921697e-06 7.177708290676017114e-06 7.313227643521506466e-06 7.449134106005795630e-06 7.587769859649990684e-06 7.732126839788807586e-06 7.885967716741346700e-06
2.745948111182980908e-04 2.214654775403618629e-04 1.605093694572337182e-04 9.600315472039229589e-05 4.565601115723212530e-05 1.782939933570487599e-05 9.444108865827488720e-06 7.171725198352632960e-06 6.283440929179173280e-06 5.801442244575272995e-06 5.509432692715207237e-06 5.346892521606548306e-06 5.311046215796850575e-06 5.430343392755418905e-06 5.497740082735920251e-06 5.498131130043041115e-06 5.438709059001017342e-06 5.470320085029912831e-06 5.570971801189592434e-06 5.687691142682662853e-06 5.816619985878748720e-06 5.954225979945299780e-06 6.097744112702249613e-06 6.245181935502003553e-06 6.395111282139734212e-06 6.546437317021136294e-06 6.698249791255565482e-06 6.849785738704641394e-06 7.000485337661700232e-06 7.150102071661437808e-06 7.298828445235955488e-06 7.447411718115564510e-06 7.597253500046069668e-06 7.750508265527371576e-06 7.910217563917808011e-06 8.080540440420363945e-06 8.267171761004461078e-06
1.006268548868500937e-04 4.138084517929638017e-06 4.433704913193327579e-06 5.131525783792194289e-06 5.644236144921891950e-06 6.356261146002281810e-06 6.356261146002281810e-06 5.947914682538312253e-06 5.554097373473158114e-06 5.278252045557112560e-06 5.115375843612544487e-06 5.091701231199617513e-06 5.347647278378306968e-06 5.507699243995884289e-06 5.588137983475804822e-06 5.598750327411788871e-06 5.549390390783021657e-06 5.619330877525448225e-06 5.749601565353881511e-06 5.887244645615292564e-06 6.029897565254997599e-06 6.175692012589586858e-06 6.323583027868144666e-06 6.473197574575367468e-06 6.624481166791622942e-06 6.777381392330854408e-06 6.931687527477607385e-06 7.087042943133416689e-06 7.243085372998773854e-06 7.399648365025041954e-06 7.556966881571440884e-06 7.715856636503980295e-06 7.877866373019449026e-06 8.045427892140256839e-06 8.222051690073179734e-06 8.412645596970258824e-06 8.624088912920500937e-06
3.012792011599644385e-06 3.187368628236348330e-06 2.899580505615997994e-06 1.631579107324794035e-06 3.107133902473627601e-06 4.388784890721577467e-06 4.709575012324806822e-06 4.709575012324806822e-06 4.706781836617947117e-06 4.642092720567800753e-06 4.779091774374163812e-06 5.219024170317997910e-06 5.499050844599165261e-06 5.664668321374127589e-06 5.748362279759803754e-06 5.759341805344777975e-06 5.709975559193842145e-06 5.758964517953269699e-06 5.920858937084784553e-06 6.081788309169705374e-06 6.240033616936323290e-06 6.395061477289979926e-06 6.547698411605117228e-06 6.699544168139882516e-06 6.852234418120507729e-06 7.006919558033097598e-06 7.164075983190377813e-06 7.323613133353005806e-06 7.485164846174989055e-06 7.648439133868215422e-06 7.813534079520908620e-06 7.981181573309209263e-06 8.152927463387425774e-06 8.331285239941547101e-06 8.519915707264053058e-06 8.723901344467004234e-06 8.950222171053158455e-06
3.012792011599644385e-06 2.773000905732446505e-06 2.345669373709368085e-06 1.806293569572375565e-06 2.480767589638728157e-06 3.382169502085479710e-06 3.794818639421820742e-06 3.921362240105477290e-06 3.961204996635699278e-06 4.296664494249284376e-06 4.969309108120706867e-06 5.506252831099490592e-06 5.764863608326555532e-06 5.903560917142047533e-06 5.981301008844460582e-06 5.980279055013882115e-06 5.919780020192223539e-06 5.897967142180024711e-06 6.093081355862304497e-06 6.279016037042504944e-06 6.453387116031270100e-06 6.616821868027256706e-06 6.772604973123602757e-06 6.925046268258209838e-06 7.077992779517149185e-06 7.233986438491520345e-06 7.394083713897006795e-06 7.558168760913415003e-06 7.725521744480465968e-06 7.895409244751293561e-06 8.067548729335086548e-06 8.242408113824385143e-06 8.421376667279697605e-06 8.606869896974156270e-06 8.802424554574313451e-06 9.012821902580821039e-06 9.244261164013358446e-06
2.831101426788011027e-06 2.546173609383864060e-06 2.215868261817272227e-06 2.056546939284174726e-06 2.218161383791752605e-06 2.864306888560167708e-06 3.166167803171237510e-06 3.222643487746693590e-06 3.574636341635054536e-06 4.443564574479459330e-06 5.295227332759449925e-06 6.071814437632764741e-06 6.150589840465450979e-06 6.203410730022914293e-06 6.293001783461532099e-06 6.260693385674437362e-06 6.175794957685450867e-06 6.053610384941741737e-06 6.274483307141479415e-06 6.487807367106954105e-06 6.677676942118715938e-06 6.846233905664480670e-06 7.000853344603843348e-06 7.150043152251866079e-06 7.300703993199350705e-06 7.456949702518187444e-06 7.620103672992476850e-06 7.789456451923490609e-06 7.963344126082042587e-06 8.140127371321208101e-06 8.318843479244282334e-06 8.499525485373081289e-06 8.683301194933150188e-06 8.872393126101409125e-06 9.070090711477535645e-06 9.280700547269204336e-06 9.509404829939195643e-06
2.610846291168911447e-06 2.364723843198387166e-06 2.165336494603514230e-06 2.141232937912725729e-06 2.570937859260210672e-06 3.093808658614176592e-06 2.782902196956852877e-06 2.924126595714034483e-06 3.574636341635054536e-06 4.607730129274362732e-06 5.696221210805438816e-06 7.335187746206727605e-06 6.562270585879947975e-06 6.466490379022248785e-06 6.726602009304821836e-06 6.593697746536945354e-06 6.469096039933277163e-06 6.327127197297156345e-06 6.473508464452931535e-06 6.720053182125142382e-06 6.923279379672140241e-06 7.089583467907578984e-06 7.234531347376021046e-06 7.373569002945644533e-06 7.517830338510439823e-06 7.673004705389778807e-06 7.839924823630785482e-06 8.016209247705963621e-06 8.198270936603269945e-06 8.382912635206687068e-06 8.568172330947785586e-06 8.753549153490339777e-06 8.939909500978936198e-06 9.129310701020767292e-06 9.324844617964514324e-06 9.530484745079742745e-06 9.750822791630931203e-06
2.368300505338688113e-06 2.136538977636376317e-06 2.024206934113782347e-06 2.141232937912725729e-06 2.935385085466452455e-06 4.803979487801157537e-06 3.151503202541554530e-06 2.713358140582907661e-06 3.364484532848597355e-06 4.926650198963830913e-06 5.696221210805438816e-06 1.101044475050761624e-05 6.562270585879947975e-06 6.466490379022248785e-06 7.553218128198212975e-06 6.918399551234595381e-06 6.779764258214104117e-06 6.612542574129117749e-06 6.700799818367579526e-06 6.995617517268702889e-06 7.205803926537612399e-06 7.354289238916823559e-06 7.474119574047625490e-06 7.591871173643822583e-06 7.724043652507102986e-06 7.877313956900398740e-06 8.050381668433717321e-06 8.237184778666881043e-06 8.430617737418713459e-06 8.625079901953951008e-06 8.817384055850502320e-06 9.006589296660875022e-06 9.193476954472019474e-06 9.380095559038373844e-06 9.569492314279428856e-06 9.765571023454549816e-06 9.972943888237512076e-06
2.511894986867920631e-06 2.346188152545080406e-06 1.810570975471586794e-06 1.913240018992837239e-06 2.935385085466452455e-06 1.100261471076326786e-05 5.771373193981994074e-06 2.954900761494300454e-06 2.562213519902285143e-06 2.583618899346757516e-05 2.583618899346757516e-05 1.101044475050761624e-05 9.677062207463331129e-06 6.373678190881862453e-06 1.019419276137228798e-05 6.918399551234595381e-06 7.119018867559150043e-06 6.821784189742885785e-06 7.059390105565614419e-06 7.355813142044454378e-06 7.550029570293215740e-06 7.647649987174052154e-06 7.715786536254202384e-06 7.795752465074547169e-06 7.909159140973685576e-06 8.061825801271448161e-06 8.247103114536529579e-06 8.451530461108889216e-06 8.661935332451094040e-06 8.869405179339596252e-06 9.069694693839834733e-06 9.261947022830008326e-06 9.447313461210236725e-06 9.628102266381201828e-06 9.807458056660119892e-06 9.989363146221749367e-06 1.017877757577672448e-05
3.039306624220675540e-06 3.039306624220675540e-06 2.175372702084096221e-06 1.011240371297100794e-06 2.453382975810719647e-06 1.740635084087191399e-05 1.074924442708294418e-04 1.864066643147229319e-04 2.622818538883393271e-04 2.999201396121710145e-04 2.999201396121710145e-04 2.720024147455804651e-04 1.677438181043320643e-04 5.289478541551949272e-05 1.019419276137228798e-05 9.513872823824973531e-06 8.127608950289866931e-06 6.821784189742885785e-06 8.279190638501304162e-06 7.896097146156902803e-06 7.990851225416366251e-06 7.990851225416366251e-06 7.970494603231717906e-06 7.966193009426032594e-06 8.055014645042460529e-06 8.213726992674814524e-06 8.424674527331848473e-06 8.659898618781501129e-06 8.896187951937017989e-06 9.120910789112885201e-06 9.330042517339989282e-06 9.524190639608693800e-06 9.705727601157757931e-06 9.877541988616698573e-06 1.004287449975736260e-05 1.020564592899584384e-05 1.037096835559008125e-05
5.165486091489759084e-06 4.982879746223494070e-06 2.840372837347109427e-06 9.896602883679409164e-05 1.906119044647522343e-04 3.147781076603920901e-04 4.811533708009153691e-04 6.736090349977900743e-04 8.538112383169218621e-04 8.977784547326896633e-04 8.977784547326896633e-04 8.686292867103686567e-04 7.739834242310091603e-04 5.633864599055378366e-04 3.445285207786967291e-04 1.727760700916451892e-04 8.163029680931176046e-06 8.163029680931176046e-06 1.247580664507724635e-05 8.811916719898268751e-06 8.811916719898268751e-06 8.546783581984204538e-06 8.297853081615477167e-06 8.130022325971343153e-06 8.130979437095888792e-06 8.313392997053646623e-06 8.577969383334131919e-06 8.867201534749026415e-06 9.142007067402186705e-06 9.388007507834993185e-06 9.605373946798875429e-06 9.799045417106235309e-06 9.973864315195638100e-06 1.013346358717071927e-05 1.028085202475642555e-05 1.041937771441455484e-05 1.055360241770524369e-05
5.881382901208546124e-05 1.524163311639632214e-04 3.185438459685447439e-04 5.642113885337318897e-04 8.011149775950817233e-04 1.003098013083017536e-03 1.192382726551341953e-03 1.305531275394783766e-03 1.318814902634278703e-03 1.318814902634278703e-03 1.245055257946351681e-03 1.232665819297630583e-03 1.250297808046613819e-03 1.250297808046613819e-03 9.550846147445286437e-04 6.108440199581350065e-04 3.757813931421406404e-04 1.468298802529446857e-04 1.381774442178479123e-05 1.381774442178479123e-05 1.018516860732649188e-05 9.086513301006656857e-06 8.544111815274864992e-06 8.208231294683884075e-06 8.087129297422007815e-06 8.330896175110024003e-06 8.706608474201587731e-06 9.088931069478619639e-06 9.416631275087873555e-06 9.683738228025317286e-06 9.904400344915068293e-06 1.009275276682112404e-05 1.025722065534808214e-05 1.040159602011455192e-05 1.052769229768224049e-05 1.063741048620127888e-05 1.073385534665004216e-05
3.334009377911749286e-04 5.735255720355560442e-04 8.816958367679989059e-04 1.131094587109745609e-03 1.242294413688756335e-03 1.310990204677356602e-03 1.396113141693350454e-03 1.479935027493204259e-03 1.483657977609055111e-03 1.483657977609055111e-03 1.395875725610141180e-03 1.276913255082290756e-03 1.341176485509845782e-03 1.341176485509845782e-03 1.273871279610579686e-03 1.136702978769483716e-03 9.063944321068101136e-04 6.399594824644423696e-04 3.445784402885697698e-04 1.774488555974923702e-05 9.069989199440330795e-06 9.069989199440330795e-06 8.583849583794153377e-06 8.112462574520847141e-06 7.840313114513803469e-06 8.216453931762813186e-06 8.828637268883463555e-06 9.365282993875824835e-06 9.751848735445926245e-06 1.002591378426260397e-05 1.023573643801551038e-05 1.041034464991442263e-05 1.056066951926158202e-05 1.068800754025761641e-05 1.079091065965568578e-05 1.086871658605853044e-05 1.092252679788560401e-05
8.003172612309717923e-04 1.078808147405563994e-03 1.254220935094347558e-03 1.402650057570244222e-03 1.450599906774705352e-03 1.450599906774705352e-03 1.433204020777296321e-03 1.409870924149479732e-03 1.439859183820855603e-03 1.439859183820855603e-03 1.420771871708409592e-03 1.294186536785504405e-03 1.277933826295563850e-03 1.342046718541143420e-03 1.402446934948057026e-03 1.416390621117402096e-03 1.416390621117402096e-03 1.321494901066073415e-03 9.329963653014167841e-04 4.247534682919680191e-04 1.080618585428461547e-05 9.585093926344385938e-06 8.608834745940528228e-06 7.836196968702120483e-06 7.287185651608571170e-06 7.865969168544434363e-06 9.026203675693194787e-06 9.791714901695506741e-06 1.019956688855746191e-05 1.043233173556355016e-05 1.060228697297038029e-05 1.075221987555877783e-05 1.088710523152652197e-05 1.099885396199890852e-05 1.107922621462401527e-05 1.112401840049150905e-05 1.113276308056402088e-05
