outputs/starting_ebb_vel.asc
ncols 259
nrows 149
xllcorner 0.0
yllcorner 0.0
cellsize 1.15722698403
[rows 51 to 67 of 149, columns 148 to 184 of 259]
1.137775082271638939e-05 1.129300003497538982e-05 1.116310032834151545e-05 1.098664105620147763e-05 1.075704498274707755e-05 1.046406395099020290e-05 1.010944326843143197e-05 9.770172772767981884e-06 1.046038341468462117e-05 1.046038341468462117e-05 6.838857278903644501e-06 6.187883638179638725e-05 1.123491357819848222e-04 2.002643158590807447e-04 3.207012738163891093e-04 4.729073656886679904e-04 6.162650512616568753e-04 7.974025135410438975e-04 1.011445321309618808e-03 1.178871882650256008e-03 1.247127027257124510e-03 1.416322773909176784e-03 1.487631363814283063e-03 1.487631363814283063e-03 1.445223956274535072e-03 1.254702743247358525e-03 9.733399097700786481e-04 9.534806837632748807e-04 9.534806837632748807e-04 7.656225795680647464e-04 6.456974490215097338e-04 4.023888233873168215e-04 4.023888233873168215e-04 3.361101013742216043e-04 3.361101013742216043e-04 3.316244184921977455e-04 2.916355224427910099e-04
1.166987245460586582e-05 1.152439268768097509e-05 1.132627031135119835e-05 1.107823982909078545e-05 1.077963221997332151e-05 1.042903164930247329e-05 1.003189174182041498e-05 9.611545015119020549e-06 9.186775644946867665e-06 8.540850798435378608e-06 6.531600314529128290e-06 5.982703280000207897e-06 1.005660368886185118e-05 5.640501206251815914e-05 1.151786043962319971e-04 2.100453027296795530e-04 3.757634762657850432e-04 5.800119958971929057e-04 8.107044679227889310e-04 9.714779027725653580e-04 1.087513368329613792e-03 1.241980154974798786e-03 1.241980154974798786e-03 1.246415199989216660e-03 1.246415199989216660e-03 1.088027921646949388e-03 7.627637831374936171e-04 6.296932859358952582e-04 5.674729832114129655e-04 5.209976843164413349e-04 4.038006755098853362e-04 4.038006755098853362e-04 3.933397446370221102e-04 3.284139007464122466e-04 2.946826632536028051e-04 2.946826632536028051e-04 2.438565895504108002e-04
1.202076648470131293e-05 1.180842794979037232e-05 1.153934840029192908e-05 1.122041572883722394e-05 1.085421241875266853e-05 1.044053868442646369e-05 9.977547034428149657e-06 9.457339900941095495e-06 8.839876468576550374e-06 7.984643819580513599e-06 6.640980947247054153e-06 5.122519791934629690e-06 5.418226168685404782e-06 5.418226168685404782e-06 3.548267349631088264e-06 2.750155223341043245e-06 9.579428080045466370e-05 1.993257083554942223e-04 3.747917073985877019e-04 6.641220163768614100e-04 9.305631745026303643e-04 9.305631745026303643e-04 8.966627383859000593e-04 8.383482183147171517e-04 8.383482183147171517e-04 6.806565279658510206e-04 4.830375779965707613e-04 3.749992153371237754e-04 3.169986014191473155e-04 2.889462286777041544e-04 3.818419476129591896e-04 3.818419476129591896e-04 3.114084018743673858e-04 2.847349798255291182e-04 2.847349798255291182e-04 2.672863342390124322e-04 2.008083218265073304e-04
1.244050296489650041e-05 1.214920422648688423e-05 1.180227961118902165e-05 1.140986226721387014e-05 1.097626304177332279e-05 1.050136363522282076e-05 9.980417810524390686e-06 9.400391085640749490e-06 8.730746508837760315e-06 7.916867064062784115e-06 6.925159862944113593e-06 5.913637108236606740e-06 5.152557197248954067e-06 5.050342119027644358e-06 4.257164957077302259e-06 3.606262979620943926e-06 3.525496434107561265e-06 3.682652250722920724e-06 3.913422344506742793e-06 4.510385699206005135e-06 5.297561979923460845e-04 5.933882094838218140e-04 5.933882094838218140e-04 5.472277648473756030e-04 5.344931857370038277e-04 3.719997499816338443e-04 2.306112592863400164e-04 1.016802240357990835e-04 1.650057775596835746e-04 3.296086541049482173e-04 3.325043361770517046e-04 3.325043361770517046e-04 2.967285503255431204e-04 2.953710016779651144e-04 2.953710016779651144e-04 2.782067022899298498e-04 2.343609240158650965e-04
1.293424763383324078e-05 1.254560638007117158e-05 1.211070355076383007e-05 1.164049068705624762e-05 1.113961384590343027e-05 1.060823500416740066e-05 1.004236948680550741e-05 9.433060122260122465e-06 8.765851417071062311e-06 8.026918064888331368e-06 7.229154332230202488e-06 6.454311580818638130e-06 5.816500683006763731e-06 5.373420153099201775e-06 4.823787380029684954e-06 4.325613166837471894e-06 3.954215055667178480e-06 3.844899162985155595e-06 3.682261785996489432e-06 3.475908595951166741e-06 1.520456638468559434e-04 3.993994982858219351e-04 3.993994982858219351e-04 3.769281928384938239e-04 2.795567120821055521e-04 8.140586462337941426e-05 -5.380609817818156034e-05 -1.084491395739062839e-04 1.432808862245823773e-04 5.574728432914385695e-04 5.574728432914385695e-04 3.584200317288722157e-04 3.584200317288722157e-04 3.238108719372270695e-04 3.085162580153612993e-04 3.085162580153612993e-04 3.811668287433189273e-04
1.349569800177246024e-05 1.298827010919986558e-05 1.245443752473912168e-05 1.190178308434447492e-05 1.133346665061607240e-05 1.074959304873827110e-05 1.014776501026984308e-05 9.523628499523294316e-06 8.872680972298133354e-06 8.195799446189008894e-06 7.510227820269797164e-06 6.857954199801153204e-06 6.285713800859911126e-06 5.803050430333045246e-06 5.338951243104744408e-06 4.918187252031801541e-06 4.554229321618729943e-06 4.217623376168985780e-06 3.725587134326903979e-06 2.987369622921046369e-06 9.854063988067903709e-06 1.752956727368483057e-04 2.415865855258831642e-04 2.415865855258831642e-04 2.220304355499863838e-05 -1.813951081032571611e-04 -2.652518614857857422e-04 -3.501369813315098915e-04 2.114005898249762296e-04 1.054317351152828531e-03 1.054317351152828531e-03 7.419270317702749687e-04 5.359950795871183020e-04 3.962227276448007521e-04 3.156640272947574969e-04 2.737456361188096341e-04 4.526732078069399035e-04
1.409939228196242542e-05 1.345733853021594311e-05 1.281699335464870070e-05 1.217873747496671040e-05 1.154287662347752548e-05 1.090890552990039000e-05 1.027546900601158289e-05 9.641007893265393465e-06 9.005444526409715075e-06 8.373370927299059643e-06 7.758003302859121377e-06 7.181563597256418014e-06 6.665349890298403649e-06 6.214116524268355017e-06 5.810779910024533133e-06 5.453955276566110842e-06 5.126891602607147942e-06 4.745777885744790651e-06 4.015093752221135839e-06 1.978275915002720837e-06 4.384895046420489694e-05 5.416662199688004995e-05 5.416662199688004995e-05 4.806077352360346402e-05 -1.514666797436328032e-04 -3.299504207549588388e-04 -3.299504207549588388e-04 -3.997877557432671469e-04 7.422444567834725413e-05 4.019490133981722980e-04 8.399582383825806263e-04 8.399582383825806263e-04 5.578624450196372495e-04 5.372888472919766208e-04 3.775060836222346255e-04 2.661677191094440173e-04 5.312058669647178781e-04
1.470031883559858328e-05 1.392469837505205567e-05 1.317745988867329528e-05 1.245329683739661144e-05 1.175039683842604311e-05 1.106768344137496825e-05 1.040419759061013413e-05 9.759489541117166229e-06 9.134718312776736319e-06 8.534236433737600404e-06 7.966850866611764647e-06 7.444946996066905736e-06 6.980005638808853358e-06 6.577285866417345715e-06 6.236096596159023908e-06 5.959962341600755770e-06 5.753603926499179714e-06 5.623502811981732106e-06 5.993827140623421212e-06 8.330727146100915217e-06 8.330727146100915217e-06 -9.074358752306681340e-05 -6.660912108505139451e-05 -6.660912108505139451e-05 -2.611150747382238796e-04 -2.125303709442100271e-04 -2.125303709442100271e-04 -1.057745050152768783e-04 1.078869416063604861e-04 3.721358956283372281e-04 9.200264219650052585e-04 1.210292190053111235e-03 1.491108750115328896e-03 1.491108750115328896e-03 1.396658411685393949e-03 1.167914233799602439e-03 6.869731351888520941e-04
1.525540126219130769e-05 1.436367624571908642e-05 1.351485098759574724e-05 1.270659314752157096e-05 1.193773045145401696e-05 1.120723380656388005e-05 1.051414837393621777e-05 9.858034367816817737e-06 9.239702749842700736e-06 8.662005628262422574e-06 8.130216733783731767e-06 7.651367881590506457e-06 7.232439802452381404e-06 6.878924706433513953e-06 6.596358266593513529e-06 6.396193567178414697e-06 6.383895361872278331e-06 6.810512590415387910e-06 8.055571427579694325e-06 3.689782484448374061e-05 3.689782484448374061e-05 -1.717259860234754203e-04 -1.909247406113078534e-04 -1.909247406113078534e-04 -2.150957257166638190e-04 -1.444939103438767382e-04 -5.619626779323631170e-05 6.395668076672883235e-06 6.395668076672883235e-06 1.201010869950976567e-04 2.866912223482000698e-04 7.404832938714895393e-04 1.344265075014603773e-03 1.507700489047974048e-03 1.637917788594964738e-03 1.637917788594964738e-03 1.058815452688280801e-03
1.576111611318828533e-05 1.475975435803671839e-05 1.381167466846954959e-05 1.292049431363956771e-05 1.208669801330417221e-05 1.130937295949084240e-05 1.058712773075332933e-05 9.918796806371953627e-06 9.304052690514624720e-06 8.743866595685262672e-06 8.240642558670672151e-06 7.797867994059056051e-06 7.419460982976390960e-06 7.109614890270835494e-06 6.874218196603258258e-06 6.724394710711609342e-06 6.797507095284176737e-06 7.191849498399525212e-06 8.209825335442923528e-06 8.209825335442923528e-06 8.069258321827017855e-07 -8.405086523905989373e-05 -2.243373532747975350e-04 -2.858282286788708308e-04 -2.324204652201547722e-04 -6.587465685438701705e-05 1.350293028801390440e-04 2.258637203582153819e-04 2.258637203582153819e-04 -1.077842672169604019e-04 -8.768216727323580875e-05 3.239307501969494805e-04 4.424190363525846732e-04 5.339479181914171067e-04 8.072835266719434726e-04 1.733661263991465246e-03 1.733661263991465246e-03
1.622523788583493667e-05 1.510255040476916279e-05 1.405159901460627345e-05 1.307701142526343207e-05 1.217919432863179761e-05 1.135643228734263683e-05 1.060619278321365809e-05 9.925972436403234149e-06 9.313844610158861367e-06 8.768765505292961938e-06 8.290618911154753310e-06 7.880000552998868933e-06 7.537921245122892787e-06 7.265855675070295696e-06 7.066504918837367739e-06 6.944624135384333956e-06 6.931740577184371305e-06 6.949552972455607591e-06 6.949552972455607591e-06 6.808882318393791293e-06 -3.182565440161448189e-05 -8.799563372121874431e-05 -1.932671360163362739e-04 -2.532723522150883365e-04 -7.792020167131145870e-05 6.461033557672032175e-05 1.986773981205329552e-04 4.888066023274887165e-04 4.888066023274887165e-04 -1.824211433355499388e-04 -9.247288514752666374e-05 2.624212248541132344e-04 3.522583721645540446e-04 4.171727436169077926e-04 4.171727436169077926e-04 5.867388532700755326e-04 9.634421553248875099e-04
1.663073394153236789e-05 1.537361036059775026e-05 1.421515955992344741e-05 1.315675804417654689e-05 1.219663558861638181e-05 1.133096907803451858e-05 1.055523867835503733e-05 9.865055545868787077e-06 9.256587808424778820e-06 8.726731904172604486e-06 8.273067027656601696e-06 7.893594061658959087e-06 7.586367769445770766e-06 7.349381646050051189e-06 7.181321668291878661e-06 7.083385893070249723e-06 7.075691222079671494e-06 7.075691222079671494e-06 6.865739495844706131e-06 4.804584772995798137e-06 -5.839032528473359199e-05 -1.529692388253452206e-04 -2.161143908965609134e-04 -1.907026281478620719e-04 -3.964043199560779028e-05 1.689579945599635621e-04 3.061772817810070354e-04 4.340952571093111196e-04 4.340952571093111196e-04 -1.661933317238735485e-05 1.896606542052309526e-05 1.210778719842630003e-04 2.164046945209799084e-04 3.316245723735513143e-04 4.059296525974215460e-04 5.707220513144415893e-04 7.583039969367681580e-04
1.693684221008090668e-05 1.554599753616524031e-05 1.427867082031350024e-05 1.313822560290303809e-05 1.211962090362275227e-05 1.121556975782411151e-05 1.041873730630246900e-05 9.722423260292613001e-06 9.120719173499014816e-06 8.608507275315484261e-06 8.181323233640587958e-06 7.834940896534656784e-06 7.564574124950738696e-06 7.363981471392447673e-06 7.226014215210211066e-06 7.168457543623057845e-06 7.447348395866778286e-06 8.633129015847840475e-06 9.659532592663939231e-06 9.659532592663939231e-06 -5.306928519238173056e-05 -1.282086756561666386e-04 -1.901156142965343811e-04 -9.760549362837421766e-05 5.283005664461443509e-05 2.571212666505475288e-04 4.854845653001272406e-04 5.089152429603188308e-04 5.089152429603188308e-04 2.648622863705194061e-04 1.483683675414285933e-04 6.957998219804349812e-05 1.235471558156662521e-04 2.195726513537986878e-04 3.537917832294754181e-04 5.310576212756884821e-04 6.494485629772439855e-04
1.714792811158152600e-05 1.559486675366819757e-05 1.421530058226250046e-05 1.299785264349990015e-05 1.192805266514672211e-05 1.099295174333738889e-05 1.018171752873728068e-05 9.485181015500755396e-06 8.895358349963047655e-06 8.405254789949494310e-06 8.008777735055758168e-06 7.700272165888683598e-06 7.473006362429709407e-06 7.315955899358816847e-06 7.209092371975392003e-06 7.120787744822302214e-06 7.018884010021662083e-06 6.912115801916235856e-06 3.040074270780370908e-05 3.040074270780370908e-05 -1.752111001735380362e-06 -1.661999318018565796e-04 -1.870643960081741931e-04 -6.489291769442431866e-05 1.136473455416100867e-04 2.839450274796061213e-04 4.237389678148193351e-04 6.274000204511294681e-04 7.435472228627811823e-04 7.435472228627811823e-04 3.866418202010472307e-04 1.848099888931791748e-04 -2.697713907108208213e-06 1.152370313431089703e-04 3.481540582693496734e-04 5.535819057371907988e-04 5.718061598122803867e-04
1.719839262868360079e-05 1.547024078466281032e-05 1.398981211156882060e-05 1.270983172368769910e-05 1.160178537012635414e-05 1.064646702164163779e-05 9.830000049808323094e-06 9.141224923010171725e-06 8.570278420903163269e-06 8.108375799463207734e-06 7.748260750744534470e-06 7.484363669534604103e-06 7.311223259520416375e-06 7.217743391637902957e-06 7.173611628510475901e-06 7.105513248109971744e-06 6.874174949725458994e-06 6.306740093426149653e-06 3.046507291664195307e-05 3.046507291664195307e-05 -1.251609115332397729e-05 -1.673963339384659853e-04 -1.657671823542989384e-04 -2.013493017871162045e-05 1.335494376729618425e-04 2.630774654757160385e-04 4.786717989707741012e-04 7.220068784824005105e-04 1.255681493333160158e-03 1.255681493333160158e-03 9.410603004107242564e-04 5.823570048434890348e-04 1.497862582833811790e-04 1.960896205994743294e-04 2.710925408209048908e-04 3.410854003768977916e-04 4.003238725812518378e-04
1.689088050211997558e-05 1.509789164472955337e-05 1.356387535566289764e-05 1.224987676955588584e-05 1.112279007002893912e-05 1.016113092329494921e-05 9.350590725843710901e-06 8.679440205828533231e-06 8.136154611176580023e-06 7.709709236255269581e-06 7.391525798924738126e-06 7.177698501985151277e-06 7.070182779162177991e-06 7.162097502318621655e-06 7.253478669381383051e-06 7.253478669381383051e-06 7.065562447344504813e-06 6.048293698249864534e-06 4.036332104614731827e-06 -4.512739409818363557e-05 -1.724896741077990763e-04 -2.021609242053531465e-04 -1.297721481895240778e-04 7.206342907147578383e-06 1.837578427159533036e-04 2.728509557150744541e-04 4.347856423825506686e-04 5.884000408122208895e-04 8.216529160404607976e-04 8.230499849997353814e-04 8.230499849997353814e-04 7.789665533021161150e-04 5.605333551179370044e-04 3.288037473177927886e-04 2.956371184027417284e-04 2.956371184027417284e-04 2.866434273974253393e-04
1.633520037055453486e-05 1.446656993647178286e-05 1.291792089679757809e-05 1.160300992884424296e-05 1.047836721713801502e-05 9.524675875666010458e-06 8.731791724442739919e-06 8.089790563283643168e-06 7.585190581719607275e-06 7.202780735456172122e-06 6.930434706714469821e-06 6.765124925002380510e-06 6.831110608213617538e-06 7.151116932220550473e-06 7.680741479752054520e-06 8.086302472021655722e-06 8.086302472021655722e-06 6.784540147613829590e-06 -3.051711674065857549e-05 -1.217648859214534205e-04 -2.480912797454382199e-04 -2.029305496625218345e-04 -9.391314883619368862e-05 2.194893296568071133e-05 2.271603333087996010e-04 3.552699132971492957e-04 3.552699132971492957e-04 3.483982801237632499e-04 6.353245367073204501e-04 8.568329377902261963e-04 1.002966849630469596e-03 1.267432000580478784e-03 1.267432000580478784e-03 1.250406149595037443e-03 1.250406149595037443e-03 1.133314712514641972e-03 9.538600170448420512e-04
