outputs/starting_mean_water__depth.asc
ncols 259
nrows 149
xllcorner 0.0
yllcorner 0.0
cellsize 1.15722698403
[rows 51 to 67 of 149, columns 185 to 221 of 259]
1.878362059593200684e+00 1.592918515205383301e+00 8.100859522819519043e-01 5.726490867958069497e-01 6.542910337448120117e-01 8.732221722602844238e-01 1.043872833251953125e+00 1.183006405830383301e+00 1.343054771423339844e+00 1.570716500282287598e+00 1.634016752243041992e+00 1.739846229553222656e+00 1.923588395118713379e+00 1.961820006370544434e+00 1.798518657684326172e+00 1.754971265792846680e+00 1.703299641609191895e+00 1.498837232589721680e+00 1.441305398941040039e+00 1.471933364868164062e+00 1.624078273773193359e+00 1.510071516036987305e+00 1.058519005775451660e+00 8.414697051048278809e-01 1.250620841979980469e+00 1.703401207923889160e+00 1.617658376693725586e+00 1.254559874534606934e+00 2.146684169769287109e+00 2.330543518066406250e+00 2.506175994873046875e+00 2.200430870056152344e+00 1.875352740287780762e+00 1.511769533157348633e+00 1.281090617179870605e+00 1.116324305534362793e+00 9.968121051788330078e-01
1.855810880661010742e+00 1.555067539215087891e+00 8.592703342437744141e-01 5.890746963844299966e-01 5.590039742813111001e-01 5.648759109601975137e-01 5.718969059810639077e-01 6.374281895980835611e-01 7.720611691474914551e-01 8.848674297332763672e-01 1.027861952781677246e+00 1.342222213745117188e+00 1.801355123519897461e+00 2.038189172744750977e+00 1.562395691871643066e+00 1.571314454078674316e+00 1.841322779655456543e+00 1.834617376327514648e+00 1.781224608421325684e+00 1.765819311141967773e+00 1.579085826873779297e+00 1.230182290077209473e+00 8.428887128829956055e-01 7.793808579444885254e-01 9.990503787994384766e-01 1.502131700515747070e+00 1.641535878181457520e+00 1.352100610733032227e+00 1.524419307708740234e+00 2.231821060180664062e+00 2.336697816848754883e+00 2.000538825988769531e+00 1.474657297134399414e+00 9.692204594612121582e-01 7.682567834854125977e-01 8.969474434852600098e-01 9.278621673583984375e-01
1.764446973800659180e+00 1.370892524719238281e+00 8.243996500968933105e-01 6.425475729331970864e-01 6.491924524307250977e-01 6.115390909538269693e-01 5.519777638540268594e-01 4.930589748249054050e-01 4.889193428382873630e-01 5.450551164970398599e-01 8.040057420730590820e-01 1.436674237251281738e+00 1.973876595497131348e+00 1.976742744445800781e+00 1.648684501647949219e+00 1.615805149078369141e+00 1.781995892524719238e+00 1.811810731887817383e+00 1.755562543869018555e+00 1.658565282821655273e+00 1.336501359939575195e+00 1.013084769248962402e+00 9.625808000564575195e-01 1.088550448417663574e+00 9.910386800765991211e-01 1.267806768417358398e+00 1.404538154602050781e+00 1.166420102119445801e+00 1.124071717262268066e+00 1.861875057220458984e+00 1.995004892349243164e+00 1.643008470535278320e+00 1.028629899024963379e+00 6.787942647933959961e-01 6.849842667579650879e-01 1.102353215217590332e+00 1.401250243186950684e+00
1.422238111495971680e+00 1.018236517906188965e+00 9.277979731559753418e-01 9.635398387908935547e-01 1.141876697540283203e+00 1.062892079353332520e+00 7.940939664840698242e-01 5.111185563430786782e-01 4.366324646100998019e-01 6.277599287853241616e-01 1.248697638511657715e+00 1.890180587768554688e+00 2.158391952514648438e+00 2.019907951354980469e+00 1.993095993995666504e+00 1.952271223068237305e+00 1.884391903877258301e+00 1.856265902519226074e+00 1.829376339912414551e+00 1.651068329811096191e+00 1.234442114830017090e+00 8.954297304153442383e-01 1.152499914169311523e+00 1.448353290557861328e+00 1.238027572631835938e+00 1.203853130340576172e+00 1.420018553733825684e+00 1.243125677108764648e+00 1.221387624740600586e+00 1.429360032081604004e+00 1.776631236076354980e+00 1.397302985191345215e+00 8.198742866516113281e-01 6.489793658256530762e-01 6.820194721221923828e-01 1.273765206336975098e+00 1.885109424591064453e+00
1.225253105163574219e+00 1.026496291160583496e+00 1.359408378601074219e+00 1.541255593299865723e+00 1.597040057182312012e+00 1.328090190887451172e+00 9.292388558387756348e-01 5.691618872509003335e-01 4.813838852272033786e-01 9.252372384071350098e-01 1.631360650062561035e+00 2.095226526260375977e+00 2.139039039611816406e+00 1.939561724662780762e+00 1.910069346427917480e+00 1.932008981704711914e+00 1.886002898216247559e+00 1.834862232208251953e+00 1.791013240814208984e+00 1.566813945770263672e+00 1.128500223159790039e+00 8.040907382965087891e-01 1.006462931632995605e+00 1.156314134597778320e+00 9.628221988677978516e-01 1.099877476692199707e+00 1.483962774276733398e+00 1.354894876480102539e+00 1.150565266609191895e+00 1.444363355636596680e+00 1.772623300552368164e+00 1.346224188804626465e+00 8.932836055755615234e-01 8.092029094696044922e-01 9.544336795806884766e-01 1.599349021911621094e+00 2.191735029220581055e+00
1.218688249588012695e+00 1.216006159782409668e+00 1.652320861816406250e+00 1.754662513732910156e+00 1.617684006690979004e+00 1.237277865409851074e+00 8.559194207191467285e-01 5.965433669910431558e-01 5.433830721006394082e-01 1.029724597930908203e+00 1.749474883079528809e+00 2.065447330474853516e+00 2.047213077545166016e+00 1.944879889488220215e+00 1.935459375381469727e+00 1.857323765754699707e+00 1.828925967216491699e+00 1.802571296691894531e+00 1.659227371215820312e+00 1.407067537307739258e+00 1.077420473098754883e+00 8.775355815887451172e-01 7.168777585029602051e-01 6.097153080329895669e-01 5.884634209499359780e-01 1.070457458496093750e+00 1.612733483314514160e+00 1.583372473716735840e+00 1.349333047866821289e+00 1.457883834838867188e+00 1.793130636215209961e+00 1.620968341827392578e+00 1.339516162872314453e+00 1.346891641616821289e+00 1.582458972930908203e+00 2.026667833328247070e+00 2.295344114303588867e+00
1.383195519447326660e+00 1.524224162101745605e+00 1.816763162612915039e+00 1.797396302223205566e+00 1.557672262191772461e+00 1.147468924522399902e+00 7.588623762130737305e-01 6.020530415401459390e-01 5.934313190803528482e-01 9.926877617835998535e-01 1.631971955299377441e+00 1.797223925590515137e+00 1.711748242378234863e+00 1.689927101135253906e+00 1.696973323822021484e+00 1.604425311088562012e+00 1.613512158393859863e+00 1.556352376937866211e+00 1.408667683601379395e+00 1.226446628570556641e+00 1.037608981132507324e+00 7.991243004798889160e-01 5.325339389667511636e-01 4.633576376066207980e-01 5.681775612459183389e-01 1.134463548660278320e+00 1.727950334548950195e+00 1.593229651451110840e+00 1.312359333038330078e+00 1.117588520050048828e+00 1.358421683311462402e+00 1.813818454742431641e+00 1.726615667343139648e+00 1.909391641616821289e+00 1.967260003089904785e+00 2.033495903015136719e+00 2.031941890716552734e+00
1.677477359771728516e+00 1.776620864868164062e+00 1.773527264595031738e+00 1.723304986953735352e+00 1.576700806617736816e+00 1.355812191963195801e+00 1.117627382278442383e+00 9.239681363105773926e-01 6.633957624435424805e-01 9.508181810379028320e-01 1.480045318603515625e+00 1.644060969352722168e+00 1.467430830001831055e+00 1.274826049804687500e+00 1.107000946998596191e+00 1.072165489196777344e+00 1.170993685722351074e+00 1.176394581794738770e+00 1.067488789558410645e+00 8.819218873977661133e-01 7.007979154586791992e-01 5.527020198926926309e-01 4.323306111321449374e-01 4.651076597795486545e-01 7.246752381324768066e-01 1.311391472816467285e+00 1.726832747459411621e+00 1.626821160316467285e+00 1.590037465095520020e+00 1.511446714401245117e+00 9.881730079650878906e-01 1.374154806137084961e+00 1.455224037170410156e+00 1.966839194297790527e+00 1.993824243545532227e+00 1.769450187683105469e+00 1.436140179634094238e+00
1.826566934585571289e+00 1.767945528030395508e+00 1.583668231964111328e+00 1.553192496299743652e+00 1.603102445602416992e+00 1.669641852378845215e+00 1.616589307785034180e+00 1.359679937362670898e+00 8.902016878128051758e-01 1.008283972740173340e+00 1.483129858970642090e+00 1.586690068244934082e+00 1.344520211219787598e+00 1.023965716361999512e+00 6.836426854133605957e-01 6.517469286918640137e-01 7.497205138206481934e-01 7.829636931419372559e-01 7.446194887161254883e-01 5.964318765029907876e-01 5.092665506229401284e-01 4.261070517525673007e-01 4.355767992959022616e-01 5.715625239238739663e-01 1.084811568260192871e+00 1.562177181243896484e+00 1.772616028785705566e+00 1.748648762702941895e+00 1.776028513908386230e+00 1.895346283912658691e+00 1.510772466659545898e+00 1.523768305778503418e+00 1.433026790618896484e+00 1.826040744781494141e+00 1.853668093681335449e+00 1.485748052597045898e+00 1.107999324798583984e+00
1.930402994155883789e+00 1.841887593269348145e+00 1.637934803962707520e+00 1.619404196739196777e+00 1.726020932197570801e+00 1.831227421760559082e+00 1.727863550186157227e+00 1.432974815368652344e+00 9.510489106178283691e-01 1.016316533088684082e+00 1.525468349456787109e+00 1.668747186660766602e+00 1.654376983642578125e+00 1.494505763053894043e+00 1.061995029449462891e+00 6.657379865646362305e-01 6.231368137226105386e-01 5.948372436389923745e-01 5.558434528932572061e-01 5.375651819334030801e-01 5.174099756107330972e-01 4.441117448434829806e-01 5.612911237106323892e-01 9.121252298355102539e-01 1.505101680755615234e+00 1.796667337417602539e+00 1.854965329170227051e+00 1.681574583053588867e+00 1.293213605880737305e+00 1.520075082778930664e+00 1.880307078361511230e+00 1.966010928153991699e+00 1.659121870994567871e+00 1.740757346153259277e+00 1.645448446273803711e+00 1.340386867523193359e+00 1.224567174911499023e+00
1.917840123176574707e+00 1.937570929527282715e+00 1.825357794761657715e+00 1.804794549942016602e+00 1.790430784225463867e+00 1.804196000099182129e+00 1.629431724548339844e+00 1.271316528320312500e+00 8.565581440925598145e-01 1.087162137031555176e+00 1.660655021667480469e+00 1.899380683898925781e+00 2.032198429107666016e+00 1.998052239418029785e+00 1.629028320312500000e+00 9.130295515060424805e-01 6.376687539443970376e-01 6.069044423923493081e-01 6.062926305160523111e-01 5.999391330108643228e-01 5.648646605834961587e-01 5.357707393989563638e-01 6.829766035079956055e-01 1.128113746643066406e+00 1.502537369728088379e+00 1.574293017387390137e+00 1.583707213401794434e+00 1.424343824386596680e+00 9.959201812744140625e-01 1.184782743453979492e+00 1.694969415664672852e+00 1.967390298843383789e+00 1.791564702987670898e+00 1.693981766700744629e+00 1.716569542884826660e+00 1.570264577865600586e+00 1.571921706199645996e+00
1.906475782394409180e+00 1.947143912315368652e+00 1.832631111145019531e+00 1.681767940521240234e+00 1.680677413940429688e+00 1.766923427581787109e+00 1.625493049621582031e+00 1.280189514160156250e+00 1.000372767448425293e+00 1.294847965240478516e+00 1.794728994369506836e+00 1.744597911834716797e+00 1.738050580024719238e+00 2.128352403640747070e+00 2.030437946319580078e+00 1.445402979850769043e+00 9.653236269950866699e-01 8.743201494216918945e-01 9.605931639671325684e-01 9.206467270851135254e-01 7.403280735015869141e-01 6.514530777931213379e-01 7.910345792770385742e-01 1.110075235366821289e+00 1.068817734718322754e+00 9.165823459625244141e-01 9.960656762123107910e-01 1.054149866104125977e+00 9.950223565101623535e-01 1.214765310287475586e+00 1.693462252616882324e+00 1.987807750701904297e+00 1.946378350257873535e+00 1.723118782043457031e+00 1.938640713691711426e+00 2.062119245529174805e+00 2.046778917312622070e+00
1.865946292877197266e+00 1.823559284210205078e+00 1.709628582000732422e+00 1.522106051445007324e+00 1.597212195396423340e+00 1.693028926849365234e+00 1.676369786262512207e+00 1.503342151641845703e+00 1.358928084373474121e+00 1.633147597312927246e+00 1.767941355705261230e+00 1.523083567619323730e+00 1.677656769752502441e+00 2.023123025894165039e+00 2.229931354522705078e+00 2.011445283889770508e+00 1.528311967849731445e+00 1.195189118385314941e+00 1.188397645950317383e+00 1.239565134048461914e+00 1.076696515083312988e+00 8.662627339363098145e-01 9.816336035728454590e-01 1.267127037048339844e+00 1.032851219177246094e+00 7.466923594474792480e-01 7.694474458694458008e-01 9.529350399971008301e-01 1.191278576850891113e+00 1.518293142318725586e+00 1.890430212020874023e+00 2.071716070175170898e+00 2.047437429428100586e+00 1.862483501434326172e+00 2.025829792022705078e+00 2.260873794555664062e+00 2.274357318878173828e+00
1.858643531799316406e+00 1.797021746635437012e+00 1.796114325523376465e+00 1.734118223190307617e+00 1.780639052391052246e+00 1.739647626876831055e+00 1.758849024772644043e+00 1.763610243797302246e+00 1.771720886230468750e+00 1.846613287925720215e+00 1.471969127655029297e+00 1.611527562141418457e+00 1.997998356819152832e+00 2.252595424652099609e+00 2.355958223342895508e+00 2.269618272781372070e+00 1.874504923820495605e+00 1.325167894363403320e+00 1.185874104499816895e+00 1.292577147483825684e+00 1.143246769905090332e+00 1.003515481948852539e+00 1.132425785064697266e+00 1.321516871452331543e+00 1.250862002372741699e+00 1.027915477752685547e+00 1.026649832725524902e+00 1.292654395103454590e+00 1.635823845863342285e+00 1.896681904792785645e+00 2.069316148757934570e+00 2.200714349746704102e+00 2.217747449874877930e+00 2.038374423980712891e+00 2.049729108810424805e+00 2.187020301818847656e+00 2.267615556716918945e+00
1.840185642242431641e+00 1.685025572776794434e+00 1.817051887512207031e+00 1.972160100936889648e+00 1.974519968032836914e+00 1.851214051246643066e+00 1.840998649597167969e+00 1.847971916198730469e+00 1.964184165000915527e+00 1.959796190261840820e+00 1.662940144538879395e+00 1.904164433479309082e+00 2.108006954193115234e+00 2.301260232925415039e+00 2.213599681854248047e+00 2.208949804306030273e+00 2.005280256271362305e+00 1.595384240150451660e+00 1.362389445304870605e+00 1.254188299179077148e+00 1.089991092681884766e+00 1.077350735664367676e+00 1.181327700614929199e+00 1.271646380424499512e+00 1.264712929725646973e+00 1.305816531181335449e+00 1.510035872459411621e+00 1.869231581687927246e+00 2.092249870300292969e+00 2.268123149871826172e+00 2.416931390762329102e+00 2.441949844360351562e+00 2.286803960800170898e+00 2.217747449874877930e+00 2.167536258697509766e+00 2.155288696289062500e+00 2.277309179306030273e+00
1.849374890327453613e+00 1.740460395812988281e+00 1.880864620208740234e+00 2.037929296493530273e+00 2.070369482040405273e+00 1.870662569999694824e+00 1.746026158332824707e+00 1.734426140785217285e+00 1.883882761001586914e+00 1.925113201141357422e+00 1.816815018653869629e+00 1.931101918220520020e+00 1.927981495857238770e+00 1.953051805496215820e+00 1.825564384460449219e+00 1.856550097465515137e+00 1.998568177223205566e+00 1.864502429962158203e+00 1.608202934265136719e+00 1.346411585807800293e+00 1.208247184753417969e+00 1.230492472648620605e+00 1.281537771224975586e+00 1.328344345092773438e+00 1.379745841026306152e+00 1.673836231231689453e+00 1.931059002876281738e+00 2.168818950653076172e+00 2.358079910278320312e+00 2.725425243377685547e+00 2.818696737289428711e+00 2.559192657470703125e+00 2.441949844360351562e+00 2.314538717269897461e+00 2.213373422622680664e+00 2.172474145889282227e+00 2.290880918502807617e+00
1.941704154014587402e+00 1.749642252922058105e+00 1.678223371505737305e+00 1.745596766471862793e+00 1.938765406608581543e+00 1.858297467231750488e+00 1.743256211280822754e+00 1.664774656295776367e+00 1.658070325851440430e+00 1.593282461166381836e+00 1.536394119262695312e+00 1.559309840202331543e+00 1.441522359848022461e+00 1.414720058441162109e+00 1.323631525039672852e+00 1.355908155441284180e+00 1.811456322669982910e+00 2.025694608688354492e+00 1.831266164779663086e+00 1.529108047485351562e+00 1.426881313323974609e+00 1.466302394866943359e+00 1.520635724067687988e+00 1.590766668319702148e+00 1.734952807426452637e+00 2.015673160552978516e+00 2.285804271697998047e+00 2.431286573410034180e+00 2.677288532257080078e+00 3.075422525405883789e+00 2.873181581497192383e+00 2.818696737289428711e+00 2.595057249069213867e+00 2.461056709289550781e+00 2.315500497817993164e+00 2.217747449874877930e+00 2.381567955017089844e+00
