outputs/starting_ebb_vel.asc
ncols 259
nrows 149
xllcorner 0.0
yllcorner 0.0
cellsize 1.15722698403
[rows 17 to 33 of 149, columns 37 to 73 of 259]
2.004307032227109747e-03 4.666605514766470979e-04 1.608964450927277221e-05 1.352396027391429734e-05 1.180683503348725708e-05 1.076460620313318828e-05 1.022694934313848250e-05 1.006457342426205368e-05 1.021845243372103617e-05 1.071968322667441438e-05 1.172206482712101768e-05 1.355274027332905593e-05 1.823496660684963090e-05 1.914505800020646850e-05 1.110870799470164706e-04 1.631885921108215654e-04 6.706316058479793254e-05 4.739595103704730090e-05 2.244983848128968772e-05 2.073708210928041899e-05 2.664593957620652411e-05 1.431287567263176848e-05 1.611371971691359569e-05 1.462221378559798226e-05 1.235765102578285070e-05 1.101242449002969731e-05 1.035880778236013246e-05 1.493004349179865264e-05 1.815902988045752070e-05 1.707685081144520592e-05 1.550056254685467378e-05 1.534868340719235753e-05 1.099679791833414104e-04 6.101041606742669534e-04 1.051861098626872800e-03 1.689554261310034387e-03 2.838406346804747162e-03
2.199261679877580981e-03 6.729489231201726774e-04 1.664808919158420304e-05 1.381642896013978965e-05 1.193883208907407026e-05 1.076460620313318828e-05 1.022694934313848250e-05 1.006473117116630058e-05 1.033219312434880731e-05 1.093866427185147613e-05 1.193712829375153047e-05 1.355274027332905593e-05 1.657657583194878948e-05 1.914505800020646850e-05 2.844293890260141786e-05 3.624692484331845622e-05 6.706316058479793254e-05 3.538966658590091396e-05 2.244983848128968772e-05 2.009992548974385762e-05 1.948304770562840803e-05 1.496358388830809571e-05 1.459511976261067998e-05 1.375330136446722546e-05 1.259131846879264127e-05 1.191218628296964272e-05 1.178140633042832197e-05 1.319516609888229826e-05 1.481080258259828137e-05 1.457530480439819451e-05 1.327162104579883182e-05 1.078540856249821762e-05 8.339921068542331645e-06 1.113427469842664602e-05 1.015454706406739797e-04 7.871373294406897167e-04 1.405776430102260955e-03
2.427716665072881651e-03 1.294870325855970944e-03 3.347263850406675153e-04 1.381642896013978965e-05 1.193883208907407026e-05 1.073370814652577362e-05 1.016122898523567825e-05 1.006473117116630058e-05 1.033219312434880731e-05 1.093866427185147613e-05 1.193712829375153047e-05 1.341827113126775253e-05 1.537353844741036341e-05 1.740791488930655385e-05 1.987289550772184554e-05 1.781219645885415053e-05 1.040311691437677352e-05 1.712482556228184016e-05 1.821102864278920615e-05 1.772973366277722407e-05 1.687345008393205449e-05 1.496358388830809571e-05 1.420058229643030309e-05 1.343822088387774465e-05 1.265721568253964940e-05 1.226359584262768503e-05 1.217362071761014270e-05 1.268101053877265849e-05 1.331370954665546777e-05 1.314194477775059615e-05 1.222520826944447852e-05 1.102821654818953635e-05 1.014686162952827395e-05 1.001785109151532889e-05 9.903308874323278927e-06 1.364317131918338323e-04 5.981999219329996653e-04
2.427716665072881651e-03 1.982785902702111774e-03 8.377198040809411602e-04 1.739674061201914549e-04 1.139835621614295247e-05 1.007016530865973585e-05 9.619527280111719238e-06 9.700929150818354761e-06 1.010692462065579293e-05 1.076565244263071700e-05 1.166951294476536392e-05 1.280967751057930139e-05 1.409139193711755649e-05 1.524016760188658081e-05 1.582853178012414520e-05 1.433521301499571727e-05 1.237864762207586420e-05 1.410485455105644906e-05 1.553971686480717140e-05 1.573453043464291066e-05 1.531743507901371258e-05 1.446742750023731151e-05 1.380540465092415670e-05 1.320768140582008880e-05 1.265721568253964940e-05 1.231136068739170000e-05 1.221572051826143067e-05 1.243376017912357188e-05 1.262108028749944569e-05 1.245355649050382706e-05 1.189257864205895147e-05 1.147873730900245261e-05 1.120145780986673406e-05 1.132974101457238679e-05 1.193705672425662193e-05 1.364431994011252481e-05 1.612075104542908663e-05
2.219367076802741118e-03 1.982785902702111774e-03 1.308336220232280550e-03 4.827446501844837382e-04 5.489895124427794247e-05 8.529069591858765749e-06 8.545785675733765381e-06 9.012533531339660510e-06 9.628923764825733094e-06 1.034750793325052472e-05 1.116559353210018295e-05 1.205953402916672234e-05 1.294218418859455802e-05 1.363283180099836755e-05 1.386585099589293694e-05 1.329700690662818439e-05 1.246270780453805063e-05 1.335175886276065662e-05 1.410845383074045346e-05 1.435123613197400553e-05 1.419433229724287012e-05 1.378328638270380282e-05 1.334592740120923510e-05 1.292988440593932623e-05 1.256626701291864667e-05 1.231136068739170000e-05 1.221572051826143067e-05 1.225932917261301472e-05 1.228329493371552931e-05 1.215862225470650805e-05 1.192339483462532605e-05 1.182194161785530839e-05 1.185049128636404992e-05 1.216259843265059293e-05 1.287085706801874780e-05 1.413506884131167375e-05 1.612075104542908663e-05
2.059668817071879949e-03 1.816501631961093578e-03 1.343520819176352360e-03 6.368527090731375883e-04 1.047952304848793261e-04 5.070734202189364148e-06 7.022012299624744925e-06 8.174495533981117454e-06 9.048728974056766177e-06 9.829861993445757217e-06 1.058581922121825127e-05 1.132068088539334674e-05 1.198497898709576018e-05 1.248312441761978070e-05 1.270503349582127252e-05 1.260831599354853594e-05 1.246270780453805063e-05 1.281507944717014267e-05 1.319110346342030047e-05 1.336762796527024188e-05 1.332537159528003239e-05 1.312545833212608593e-05 1.286513416527003582e-05 1.259966180380957659e-05 1.236660727580393138e-05 1.219985937575901901e-05 1.211857149543122780e-05 1.210454105935128984e-05 1.209414802004322333e-05 1.203430433450905406e-05 1.197400012603855596e-05 1.203514304142898824e-05 1.221596728508254445e-05 1.259930436164660108e-05 1.324870427385529113e-05 1.419511243698423498e-05 1.582998592013037088e-05
2.012062396752166069e-03 1.973253970955265307e-03 1.730144069992830191e-03 6.562158920193566320e-04 1.047952304848793261e-04 4.829994329008833277e-06 6.362067683013621366e-06 7.614707330902827252e-06 8.561634603974201138e-06 9.337391845256966626e-06 1.002714047393332851e-05 1.065239130409199590e-05 1.119392645677466576e-05 1.160965338656310082e-05 1.186284257622320803e-05 1.196851576720610934e-05 1.204878815535696178e-05 1.225474765796093785e-05 1.247325261049955749e-05 1.260280067040580920e-05 1.261406778648061655e-05 1.252804118524973406e-05 1.238948912393470865e-05 1.223702136822410492e-05 1.210064091072807160e-05 1.200289804440900001e-05 1.195416502835258045e-05 1.194611554931703621e-05 1.195445175259645260e-05 1.196105222866022201e-05 1.197641039943972312e-05 1.212866313673971527e-05 1.237893045089108236e-05 1.276994745499827396e-05 1.332954322877202111e-05 1.419511243698423498e-05 1.534267123561484727e-05
2.160529279503517128e-03 2.349891681519669911e-03 2.150188394476275789e-03 6.562158920193566320e-04 9.421263529515330163e-05 6.540994567777475467e-06 6.895577217389533021e-06 7.480176316650706837e-06 8.245710265680525710e-06 8.930930309674667728e-06 9.532959525166200215e-06 1.006781740026676625e-05 1.052868214934816022e-05 1.089872009563518925e-05 1.116816765530275599e-05 1.135411634369600776e-05 1.150918139172299493e-05 1.168187041881743165e-05 1.184435865021169574e-05 1.195625431937317665e-05 1.200005769498706332e-05 1.198314949845806215e-05 1.192775977699493777e-05 1.185829363442474724e-05 1.179603695447552453e-05 1.175692686279653228e-05 1.174907502425316620e-05 1.177130435696811841e-05 1.181649121236578288e-05 1.188145270149715405e-05 1.197641039943972312e-05 1.212866313673971527e-05 1.240114392674415999e-05 1.277201177868389103e-05 1.332954322877202111e-05 1.405400539715528869e-05 1.487985638071703985e-05
2.264398921958213264e-03 2.572376773487029551e-03 2.329373935727479476e-03 6.694415334964129568e-04 7.451013966951696098e-06 6.987392757759706489e-06 7.199070302116151384e-06 7.534851900139557214e-06 8.064610750011545136e-06 8.607659602595283291e-06 9.105949916790294176e-06 9.557236622461099984e-06 9.954264644716610835e-06 1.028837719132683147e-05 1.055699160565690521e-05 1.077060056055234359e-05 1.095195064902194445e-05 1.111919397537420989e-05 1.126605725215679676e-05 1.137780026188823489e-05 1.144675917563683501e-05 1.147673933660073707e-05 1.148010685116269721e-05 1.147235643800451660e-05 1.146828640995308750e-05 1.147969742804837570e-05 1.151390384889577925e-05 1.157353564193673737e-05 1.165875603840160125e-05 1.177185696552304577e-05 1.192152563348363997e-05 1.212416865519955017e-05 1.240114392674415999e-05 1.277201177868389103e-05 1.324551578907955763e-05 1.381150954214838738e-05 1.443693286063921170e-05
2.264398921958213264e-03 2.572376773487029551e-03 2.329373935727479476e-03 8.667139695391799185e-04 6.948783690783968156e-06 7.276169727061450421e-06 7.378459333176319575e-06 7.535264166672122671e-06 7.924896815119393653e-06 8.329147433904167034e-06 8.725943916938369596e-06 9.100914528070193354e-06 9.442762615729358950e-06 9.743532419298268191e-06 1.000082101544504776e-05 1.021934364383414424e-05 1.040882666843781433e-05 1.057689758150009240e-05 1.072287612115271788e-05 1.084213030038591937e-05 1.093243940907076775e-05 1.099694182114479149e-05 1.104357185305010104e-05 1.108273885647662642e-05 1.112505481928333518e-05 1.117967259054767347e-05 1.125330730134430070e-05 1.135017832348098301e-05 1.147314033378000721e-05 1.162569348870921689e-05 1.181366651377184950e-05 1.204534192382984012e-05 1.232946482220126259e-05 1.267143994391307280e-05 1.306899860671346683e-05 1.350958412171856653e-05 1.397312015631260508e-05
2.117380115691808434e-03 2.371491897851719498e-03 2.323870899797997845e-03 1.530844921581064671e-03 8.245854176076071934e-06 7.790043126525222165e-06 7.503333136854973606e-06 7.535264166672122671e-06 7.770977176422442449e-06 8.058089400963999372e-06 8.367763788989125362e-06 8.677714957152331135e-06 8.972338870833080008e-06 9.242168854692347889e-06 9.483416392991588306e-06 9.697126330901803250e-06 9.887114799395469269e-06 1.005669356103620688e-05 1.020641935056855764e-05 1.033540540943245670e-05 1.044392633911587412e-05 1.053501668585800562e-05 1.061449988341657533e-05 1.068997231556960147e-05 1.076952142015656659e-05 1.086063081351541585e-05 1.096947444245353956e-05 1.110073001686325099e-05 1.125793348452898494e-05 1.144411014176284601e-05 1.166210500906528038e-05 1.191406770414747071e-05 1.219993349431852295e-05 1.251528456805447881e-05 1.284945457214268220e-05 1.318470818170078093e-05 1.349560069656463893e-05
1.914785735778837174e-03 2.090611190722797396e-03 2.162680239527609710e-03 1.978278003982752477e-03 1.105653032743240899e-05 8.134815466108949201e-06 7.503333136854973606e-06 7.456768256949962228e-06 7.565658322934154997e-06 7.764469204539866230e-06 8.009306880901327007e-06 8.269842640716656461e-06 8.526709055757717933e-06 8.769387735645904478e-06 8.993549370926971363e-06 9.198630487385696091e-06 9.385812637205566411e-06 9.556342512680242353e-06 9.710702310652220620e-06 9.849145647658591362e-06 9.972843852101659923e-06 1.008469869975426148e-05 1.018943867918844919e-05 1.029312910222776851e-05 1.040242773225719048e-05 1.052385480090316210e-05 1.066322963809021491e-05 1.082533381698920170e-05 1.101375344570935273e-05 1.123070858474701922e-05 1.147657567657813198e-05 1.174889038937559902e-05 1.204091688287027154e-05 1.234031026184277839e-05 1.262882693210181588e-05 1.288419333637639920e-05 1.308486225743075824e-05
1.700513809982646994e-03 1.859641827267944671e-03 1.945526346489235246e-03 2.166425827501199976e-03 1.612024218558319704e-04 8.134815466108949201e-06 7.388061830768699622e-06 7.222817401338972873e-06 7.270418653824382115e-06 7.424822213360089426e-06 7.635151889360147865e-06 7.865639669055178617e-06 8.095266975835540801e-06 8.315123661206934788e-06 8.522762867684391646e-06 8.718033610508522959e-06 8.901162749361039197e-06 9.072161541827163540e-06 9.230901731701486037e-06 9.377631018448538122e-06 9.513604721878295592e-06 9.641495581868934567e-06 9.765427031355203305e-06 9.890677681896310625e-06 1.002320560574134602e-05 1.016913101975015244e-05 1.033425549201560341e-05 1.052362216729445065e-05 1.074103789657235243e-05 1.098839507493822391e-05 1.126459872312522729e-05 1.156400129390662180e-05 1.187453338594474313e-05 1.217621266434447282e-05 1.244134955804558667e-05 1.263837597427256533e-05 1.274247996692936279e-05
1.534995058502198247e-03 1.698269368799412531e-03 1.693215880143491159e-03 2.330665461920517455e-03 3.681907614392414762e-04 6.304626579709397419e-06 6.691281318771939231e-06 6.776020863812886492e-06 6.868376677664574593e-06 7.029249105716288446e-06 7.240838794124052314e-06 7.462297170308742883e-06 7.673595517322491107e-06 7.873077065662125842e-06 8.064344828095494923e-06 8.249578337603134310e-06 8.428643207903234219e-06 8.600239173566191504e-06 8.763112055878553803e-06 8.916871972556025136e-06 9.062448435094525790e-06 9.202251874488394631e-06 9.340096182467569458e-06 9.480948988261095762e-06 9.630585989062348886e-06 9.795208180340735378e-06 9.981039142927336465e-06 1.019386146360051798e-05 1.043838089834751119e-05 1.071723509530830517e-05 1.102942284707819913e-05 1.136798267718132772e-05 1.171700270265738784e-05 1.204865745154571312e-05 1.232198266146417197e-05 1.250124466961509838e-05 1.248032083760425537e-05
1.475272465071611125e-03 1.684580237810499566e-03 1.704263627347926777e-03 2.330665461920517455e-03 5.309265967382737362e-04 7.404794826319418134e-06 6.296416000796691230e-06 6.321608057475568837e-06 6.397818087304407588e-06 6.582958737716095250e-06 6.836657011110701415e-06 7.069114700732790403e-06 7.263740857483145784e-06 7.439244256023413144e-06 7.611961041431806121e-06 7.787291703904883645e-06 7.963592571082156820e-06 8.137039888655614553e-06 8.304435345689951801e-06 8.464296380801922091e-06 8.617065171454689847e-06 8.764967298522191260e-06 8.911756835764682891e-06 9.062436099617813572e-06 9.222981181905681364e-06 9.400076569622625998e-06 9.600831435752378969e-06 9.832403645832528004e-06 1.010138913790898774e-05 1.041274156086901540e-05 1.076787489269714013e-05 1.116150386508235842e-05 1.157683729595776062e-05 1.197978976283389121e-05 1.244711129330671487e-05 1.272856386255828617e-05 1.271933369717467775e-05
1.406725400543011682e-03 1.946765977358254915e-03 2.274774412605144302e-03 2.323750830417665048e-03 8.877908407537661497e-04 2.140456594717559866e-04 6.019470952682896816e-06 5.816177277988548384e-06 5.818328876361371341e-06 6.068110746733121619e-06 6.453715811869985429e-06 6.713763764028912883e-06 6.873008955854076524e-06 7.008198059516231782e-06 7.156963377703601331e-06 7.324034865502449188e-06 7.501395483865163373e-06 7.679892464284120818e-06 7.853293057423586313e-06 8.018813033507965176e-06 8.176548571400154129e-06 8.328795312381094234e-06 8.479527762451706150e-06 8.634057392539902691e-06 8.798826069320047114e-06 8.981285480491882771e-06 9.189806384627265966e-06 9.433532546068481428e-06 9.722030446586777793e-06 1.006446711756150660e-05 1.046783129775945174e-05 1.093332059449386251e-05 1.144941083837618062e-05 1.204320514193775194e-05 1.276764894730956698e-05 1.324656579013685356e-05 1.313305005505390038e-05
1.138501934712842162e-03 1.946765977358254915e-03 2.274774412605144302e-03 2.086439394966136448e-03 1.079532329049384112e-03 7.068831273202173587e-04 2.216713070015705945e-04 5.105301225434294709e-06 4.991209393419813503e-06 5.417439560985325835e-06 6.454955941915032096e-06 6.459215587658988064e-06 6.506333142388207075e-06 6.563575648484059745e-06 6.683659544364082556e-06 6.850488896536538038e-06 7.038062034592003747e-06 7.227841427192263876e-06 7.410031386212518368e-06 7.581114124406166829e-06 7.741520768257182357e-06 7.894137617150774323e-06 8.043501509121341297e-06 8.195439638770052397e-06 8.356980222343307778e-06 8.536432898397741082e-06 8.743576076196283428e-06 8.989889707227193013e-06 9.288732984808362406e-06 9.655265165031147378e-06 1.010566258628554507e-05 1.065453637675772522e-05 1.130769570021872194e-05 1.211768615738779255e-05 1.333371356385675613e-05 1.435700029562493227e-05 1.405142995683928988e-05
