outputs/starting_flood_vel.asc
ncols 259
nrows 149
xllcorner 0.0
yllcorner 0.0
cellsize 1.15722698403
[rows 119 to 135 of 149, columns 0 to 36 of 259]
5.776459576270738400e-06 5.776459576270738400e-06 5.008775152625108494e-06 3.212596083041608627e-06 2.758977788064413966e-06 1.008237013123848677e-05 5.848900193690047104e-05 9.868873853967154489e-05 1.185915031422933081e-04 1.389107037639162126e-04 1.667931046571742440e-04 1.667931046571742440e-04 1.357243042028104740e-04 9.408183583352861977e-05 3.920840509501747522e-05 3.342686874210294202e-05 3.138621796334089214e-05 2.924499785430688723e-05 2.690861554894491886e-05 2.451938750123595003e-05 2.247101847248723767e-05 2.295713080542474363e-05 2.303737627692686643e-05 2.283201859415971103e-05 2.134578568900940366e-05 1.940957592771410222e-05 1.823972687230119910e-05 1.852514220248503338e-05 2.079528484137660709e-05 2.849677452715860531e-05 2.505196142229872147e-05 1.380061433335359884e-05 9.593409780834713518e-06 1.106758618323461446e-03 2.516184488313642428e-03 2.588548571881275386e-03 3.250932320575766234e-03
5.043563435497453033e-06 5.043563435497453033e-06 4.653335964641825240e-06 4.464626184631848996e-06 4.464626184631848996e-06 -5.504670130269479151e-05 -2.049908405729433298e-05 4.558480920617550598e-05 1.135464588791508370e-04 1.270520342503402781e-04 1.469271122817640302e-04 1.469271122817640302e-04 1.370332025411331986e-04 9.421883011026706278e-05 6.545800239962602579e-05 2.843288182194153910e-05 2.843288182194153910e-05 2.770421613353000608e-05 2.577435083986893060e-05 2.360445944637066116e-05 2.141844973536661395e-05 2.055197635585721662e-05 2.071635985010697372e-05 2.053296475374123272e-05 1.982514849839743431e-05 1.891207161632172694e-05 1.823972687230119910e-05 1.852514220248503338e-05 2.079528484137660709e-05 2.849677452715860531e-05 2.505196142229872147e-05 1.380061433335359884e-05 9.064389908431061217e-06 2.152386862138981789e-04 2.378687549501861970e-03 2.736913561262109811e-03 3.548699648219896807e-03
4.700894765579793764e-06 4.700894765579793764e-06 4.463851940772141141e-06 4.058055086375117088e-06 3.408363758411985690e-06 6.022997376597830121e-07 -1.891408247474727920e-05 1.164010337487058824e-04 2.188639392633140121e-04 1.963493938411684859e-04 1.878607241881989718e-04 1.510148430806509338e-04 1.388759485515723589e-04 1.030601753644915972e-04 7.962759644864838041e-05 3.910598439424108123e-05 3.091651694209264782e-05 2.736463401800262672e-05 2.488011223063001434e-05 2.270564970901133980e-05 2.066824024193853826e-05 1.872723901274429430e-05 1.874312201390232162e-05 1.875833207230039168e-05 1.850977193451759753e-05 1.817383516687374863e-05 1.802889245021009108e-05 1.842378272162230495e-05 1.963170978788346939e-05 2.138316052764568237e-05 1.927451036718323004e-05 1.526938458009210916e-05 1.584573433597776264e-05 2.743776189852145103e-05 1.451542661231558550e-03 2.736913561262109811e-03 4.154774525344758981e-03
4.595268920469787118e-06 4.595268920469787118e-06 4.443121946491825084e-06 4.508474024981172383e-06 6.996237321937373453e-06 6.996237321937373453e-06 1.940417600203821267e-05 1.777361890649519340e-04 3.213194134566338162e-04 2.652081178990746847e-04 2.447925167991620281e-04 1.811437005759418601e-04 1.472468950056525093e-04 1.228314227968756926e-04 9.534670525242315705e-05 3.224871932723355451e-05 2.876256753418539845e-05 2.595769076575780814e-05 2.367581435563721108e-05 2.166978691710618268e-05 1.982162251063187452e-05 1.808888021819127334e-05 1.703888113810362814e-05 1.724746958704051310e-05 1.728177200049858852e-05 1.724460466644598213e-05 1.727822504004317264e-05 1.750938644591068353e-05 1.792461106088906629e-05 1.812964742835757043e-05 1.702770059458974232e-05 1.526938458009210916e-05 1.584573433597776264e-05 2.743776189852145103e-05 7.180348136366540264e-04 2.272519109787908553e-03 4.154774525344758981e-03
4.641790049337737422e-06 4.641790049337737422e-06 4.450515608081624192e-06 4.041754208726871909e-06 3.366443702931574879e-06 6.252126797397829713e-06 6.760400609175364625e-05 2.407801947555113415e-04 3.973510128189703294e-04 3.216021395022268157e-04 2.827165131053994995e-04 1.958502696420369872e-04 1.575978591484641120e-04 1.459747514149441238e-04 9.558132075099251687e-05 2.756218359687233587e-05 2.592734310165761721e-05 2.402774715520605728e-05 2.219566750905475108e-05 2.047606109314419691e-05 1.885958266529160881e-05 1.733929729385442540e-05 1.591883011739803755e-05 1.591089313725950843e-05 1.612524181399060011e-05 1.624458645836823241e-05 1.633001659760543236e-05 1.641092696108860022e-05 1.642770058140478916e-05 1.618311753030553661e-05 1.543726000272593768e-05 1.456888446560236943e-05 1.447942444913124424e-05 1.501862347190988003e-05 1.372849717766784906e-04 1.639848215625137060e-03 3.840946958135758264e-03
4.879585619461801805e-06 4.879585619461801805e-06 4.675396227770068280e-06 4.087206207250551268e-06 2.862223413969973859e-06 2.060129232284496482e-06 1.256368887873831155e-04 3.372332571991661413e-04 4.803477310210382996e-04 3.628032920868617798e-04 2.910022106096723919e-04 1.958502696420369872e-04 1.684889661631867310e-04 1.471107173148416322e-04 9.779141891755239351e-05 2.435217594093259930e-05 2.335687412036665354e-05 2.203028724435415433e-05 2.060304743223144417e-05 1.917920728112429928e-05 1.780134976353590792e-05 1.648989617453671075e-05 1.525912661308044698e-05 1.472488778453105661e-05 1.506371565983578819e-05 1.527848275543088454e-05 1.538632793092229337e-05 1.537660421943308248e-05 1.519214677333573669e-05 1.473786210873419306e-05 1.396933742040648013e-05 1.308946883045999522e-05 1.248445552303490558e-05 1.229883037994582586e-05 1.249036323457498727e-05 1.180336711049931753e-03 3.158920381178017059e-03
5.321570581277600558e-06 5.321570581277600558e-06 5.284277476286289926e-06 4.769450978535294835e-06 4.005957713308584772e-06 7.086244184901156187e-05 2.203577599982812314e-04 4.634626241424600885e-04 5.169788138831684027e-04 3.682615417949973110e-04 2.910022106096723919e-04 1.891503049136153967e-04 1.668783869617165730e-04 1.482535122068854585e-04 1.049672781723998144e-04 2.180676795868136196e-05 2.111769019452226364e-05 2.013348026961246911e-05 1.900702769439264992e-05 1.783637083558548887e-05 1.667671293319114838e-05 1.555981102767594411e-05 1.450645568459471593e-05 1.368826458782841628e-05 1.412625028539060304e-05 1.441930097259714794e-05 1.456020815121950814e-05 1.451701521238578772e-05 1.422642018377102605e-05 1.360684671088869017e-05 1.261275873970576067e-05 1.133519791279602755e-05 1.007009843260281448e-05 9.201879290263401823e-06 7.787370165699364035e-06 9.630459678105815057e-04 2.808720729986648179e-03
5.800848648084709097e-06 6.370692117562193491e-06 6.370692117562193491e-06 1.240167486909346203e-05 4.905183796224853518e-05 2.210385682470722608e-04 4.253080256411618295e-04 5.077164880179064295e-04 5.169788138831684027e-04 3.682615417949973110e-04 2.662008212255354022e-04 1.802117753480230356e-04 1.644860055248823470e-04 1.566375626883101965e-04 1.117272823128294683e-04 1.971558568517984905e-05 1.917363842942850218e-05 1.837891594518078144e-05 1.745521224014121109e-05 1.648253543363385111e-05 1.550932010596742542e-05 1.456617931838105907e-05 1.367494959374589207e-05 1.285324627359147936e-05 1.333371992130126979e-05 1.371226269834784847e-05 1.391818848897311016e-05 1.390482829511956133e-05 1.358967203847382016e-05 1.285034581134380630e-05 1.153965291473179232e-05 9.568465648415705837e-06 7.969457873578473172e-06 7.177406644116298525e-06 6.691752818535490611e-05 8.911546977697501959e-04 2.619299631643502539e-03
5.710283245414336631e-06 8.697279828582008012e-06 8.697279828582008012e-06 4.204708104954222763e-06 1.753271131535210010e-04 5.377279693904816202e-04 6.139624311698953750e-04 5.189379335296065042e-04 4.473817161649179552e-04 3.479845397433583730e-04 2.466245776730418096e-04 2.041449530606374244e-04 1.841141117961155027e-04 1.814942711855789916e-04 1.201605103162149192e-04 1.803316129440205772e-05 1.748236189283120269e-05 1.675333284154087562e-05 1.595236988735755174e-05 1.512923855284115539e-05 1.431185273866372783e-05 1.352063654613510005e-05 1.277391709841633425e-05 1.209005967103776370e-05 1.269332203598708696e-05 1.317784141051968641e-05 1.349545481120554470e-05 1.360037279259592816e-05 1.365905439424384698e-05 1.330636519065684305e-05 1.238466345781955868e-05 1.336394688195386263e-05 1.336394688195386263e-05 1.449876244921614735e-04 3.113166499461370701e-04 8.911546977697501959e-04 2.383926652162416272e-03
8.222452848050621421e-05 8.222452848050621421e-05 2.344851184735943878e-05 1.735633930421813260e-04 4.535694334477479838e-04 9.088004564557228011e-04 7.610818057370883098e-04 5.707959586480889974e-04 4.493083023089166576e-04 3.358643968727024077e-04 2.878350263750347631e-04 2.692814499551012398e-04 2.423205723095085381e-04 2.044901690081428372e-04 1.276269152929585459e-04 1.673540845456605291e-05 1.596931500595337184e-05 1.519968364079388023e-05 1.447169591490699364e-05 1.377019615170952647e-05 1.308821574971117284e-05 1.243059702907938749e-05 1.181002258274668111e-05 1.146433605386802740e-05 1.219588809453379656e-05 1.281032609653846032e-05 1.329135190468352800e-05 1.385664743081077308e-05 1.435238573006158747e-05 1.473804420708587487e-05 1.542837985188320573e-05 2.234712073847970137e-05 2.234712073847970137e-05 1.449876244921614735e-04 3.113166499461370701e-04 8.964039927542556902e-04 2.086347539182201605e-03
3.240262240188129849e-04 3.695771323571364836e-04 3.733191754296598342e-04 3.953517641442273354e-04 8.425866943859535623e-04 9.833868588961939064e-04 7.610818057370883098e-04 5.791751400387697753e-04 4.618575577154111051e-04 3.999571549591167115e-04 3.647101047445060608e-04 3.167906160872434578e-04 2.332386416654382369e-04 1.747323783263053491e-04 1.108517532218282383e-04 1.597929238351724962e-05 1.445980603562244471e-05 1.360439080077418495e-05 1.296453397976705000e-05 1.239163438937872473e-05 1.184021707939209871e-05 1.130351323772459594e-05 1.079105789866003715e-05 1.097682271568343616e-05 1.181556819174174032e-05 1.257622297641676762e-05 1.331279336166630046e-05 1.421457728219133521e-05 1.515579688810606669e-05 1.619366442363147902e-05 1.745967607632498952e-05 1.925519809686331946e-05 2.202687496304940986e-05 2.440310106572036777e-05 7.590530668297769401e-04 1.334005333601014955e-03 2.837170894541214509e-03
6.710712957213903814e-04 7.715068188673908150e-04 8.115067378777592521e-04 9.291111427118342548e-04 9.818148116287497926e-04 9.833868588961939064e-04 7.582834902052200616e-04 6.093364817509142614e-04 5.216255241046852771e-04 4.557630508765607024e-04 3.779993650153101433e-04 2.524290616634173516e-04 1.555008169886237378e-04 9.045601447567145085e-05 5.984452110305990493e-05 1.316340831461381547e-05 1.228622595224491482e-05 1.179353954691340213e-05 1.139041481400824754e-05 1.099159034664622881e-05 1.057750494075394368e-05 1.015218094376681467e-05 9.729709775276179098e-06 1.057409620737863433e-05 1.151333898033294229e-05 1.241974369899231326e-05 1.335759854708764731e-05 1.453307144818210913e-05 1.586256011653970581e-05 1.742114052300858181e-05 1.929008030081099707e-05 2.149606627552914790e-05 2.377089416622621447e-05 2.490551963640076549e-05 1.474133757578149602e-03 2.079821274800429734e-03 4.233789257398210340e-03
1.049574464599659042e-03 1.153775422121505398e-03 1.245729589922218170e-03 1.245729589922218170e-03 1.166644591019566721e-03 9.678253888866769411e-04 8.522925503660356682e-04 7.117207334705146805e-04 5.382942671152782807e-04 4.417762152212699575e-04 2.965937109219057605e-04 1.560602854139982556e-04 7.029396051855270171e-05 5.822920986747235818e-06 8.907326482805101817e-06 9.728149911830035937e-06 9.893126620626257822e-06 9.893126620626257822e-06 9.811995382706266883e-06 9.606807242444014548e-06 9.326031393210681660e-06 8.997995821312426468e-06 9.183617036194223818e-06 1.022300462351996275e-05 1.124394782321893894e-05 1.227661947755330367e-05 1.335759854708764731e-05 1.469754984690973125e-05 1.634023160686195040e-05 1.833825725105218599e-05 2.078343832838155366e-05 2.366809253821637569e-05 2.665511578992531443e-05 2.854779498571997757e-05 1.590218783226574105e-03 2.707842199299462585e-03 5.695142959501989406e-03
1.122525663816801526e-03 1.151084479335945203e-03 1.196782671563455854e-03 1.196782671563455854e-03 1.039558278302041890e-03 8.982829869552339322e-04 8.335439694612162319e-04 7.686975571803762080e-04 4.969916235573489972e-04 3.414028247989215801e-04 1.642459950763283671e-04 6.153678928007611285e-05 3.966706917914094308e-06 5.296571154931170851e-06 6.914826718029364084e-06 7.825920591643852349e-06 8.238821641055311089e-06 8.357632853746630626e-06 8.357632853746630626e-06 8.297611847212708040e-06 8.121817568332468997e-06 7.868278991086575486e-06 8.828845793175213485e-06 9.890357427288226717e-06 1.096282821146956398e-05 1.208518784091439988e-05 1.330790990094857103e-05 1.469754984690973125e-05 1.646255921294626667e-05 1.880821854595664792e-05 2.183732322344633065e-05 2.573774975902923942e-05 3.063368146953880178e-05 3.697863749293453690e-05 1.590218783226574105e-03 3.415332954595579756e-03 6.370009468415118586e-03
9.985665008723379563e-04 9.985665008723379563e-04 9.663522427875031757e-04 9.662665007704986575e-04 8.951784559398327096e-04 8.602851239409322996e-04 8.508187331487860770e-04 6.941873275402765577e-04 4.040450972723972885e-04 1.925828191197294630e-04 5.750815302610972707e-05 1.648798254529180671e-06 3.197426686568039466e-06 4.481829997033975644e-06 5.629488642737316918e-06 6.421884095660695745e-06 6.878606498204533204e-06 7.082102544012045065e-06 7.104189724327894171e-06 7.104189724327894171e-06 6.995348041819877769e-06 7.442157880877507681e-06 8.494513355241556011e-06 9.546751080987995547e-06 1.063181975445683270e-05 1.179339377368615745e-05 1.309130336888241083e-05 1.460898643164632492e-05 1.646255921294626667e-05 1.880821854595664792e-05 2.201988626041794935e-05 2.681190180491546991e-05 3.316322283626631966e-05 3.848872172661683977e-05 1.389988979937216212e-03 3.872141912773395447e-03 6.370009468415118586e-03
8.913582272012822829e-04 8.913582272012822829e-04 8.200765916207312326e-04 7.866899600579839880e-04 8.030222775400594265e-04 8.030222775400594265e-04 6.398024021709151389e-04 4.028990694488310373e-04 1.971145393388994116e-04 5.194534309663707058e-05 2.211446648187905719e-06 1.232162582198420048e-06 2.692371576794891783e-06 3.803833503899409220e-06 4.699413760225224578e-06 5.353520650057103381e-06 5.771617712090043646e-06 5.987981099769147671e-06 6.041696464266920398e-06 6.041696464266920398e-06 6.158052961399463600e-06 7.163582867786510866e-06 8.160298665925383663e-06 9.170313786965446386e-06 1.022430595168350538e-05 1.136526413049088816e-05 1.265492336924878302e-05 1.418453329784690787e-05 1.609280026732009430e-05 1.859473449638187953e-05 2.201988626041794935e-05 2.681190180491546991e-05 3.671858634399416041e-05 1.206727660228313476e-04 1.277620802499936656e-03 3.872141912773395447e-03 6.275469162898231028e-03
7.352972995612697691e-04 7.352972995612697691e-04 6.685213853623008179e-04 6.018536650873475670e-04 6.496397018455854792e-04 5.363319637365766791e-04 3.146958009151316145e-04 1.500556802585245445e-04 5.821398542543362864e-05 7.999960984519281581e-06 2.513312694081068917e-06 1.610511744268183456e-06 2.536063534513729527e-06 3.341718681543516923e-06 4.010812244207071333e-06 4.521167032252436000e-06 4.866362600329452164e-06 5.056507678707542609e-06 5.108991215065734545e-06 5.108991215065734545e-06 5.976660293821685223e-06 6.893821962943657181e-06 7.812784653708094233e-06 8.749899449264931451e-06 9.729826134820896620e-06 1.078843342734516099e-05 1.197859267977473211e-05 1.338142312317251057e-05 1.512937406210526044e-05 1.745803291183283332e-05 2.083558551692807665e-05 2.632674836394838813e-05 3.671858634399416041e-05 5.043349070310470042e-04 1.269624506694014667e-03 3.688872973032388328e-03 5.138871634422875062e-03
