outputs/starting_flood_vel.asc
ncols 259
nrows 149
xllcorner 0.0
yllcorner 0.0
cellsize 1.15722698403
[rows 0 to 16 of 149, columns 185 to 221 of 259]
0.000000000000000000e+00 0.000000000000000000e+00 0.000000000000000000e+00 0.000000000000000000e+00 0.000000000000000000e+00 0.000000000000000000e+00 0.000000000000000000e+00 0.000000000000000000e+00 0.000000000000000000e+00 0.000000000000000000e+00 0.000000000000000000e+00 0.000000000000000000e+00 0.000000000000000000e+00 0.000000000000000000e+00 0.000000000000000000e+00 0.000000000000000000e+00 0.000000000000000000e+00 0.000000000000000000e+00 0.000000000000000000e+00 0.000000000000000000e+00 0.000000000000000000e+00 0.000000000000000000e+00 0.000000000000000000e+00 0.000000000000000000e+00 0.000000000000000000e+00 0.000000000000000000e+00 0.000000000000000000e+00 0.000000000000000000e+00 0.000000000000000000e+00 0.000000000000000000e+00 0.000000000000000000e+00 0.000000000000000000e+00 0.000000000000000000e+00 0.000000000000000000e+00 0.000000000000000000e+00 0.000000000000000000e+00 0.000000000000000000e+00
1.533292325696860388e-04 7.389308353357245296e-05 2.477310202541172348e-04 2.477310202541172348e-04 1.773803019294152117e-04 1.155028032073002588e-06 3.331625568499021731e-07 -5.247401861263202722e-09 -1.310494263712024825e-07 -1.793177396965192664e-07 -1.770526317751535746e-07 -1.526606425280332368e-07 -1.248968016987260306e-07 -9.927673341423850529e-08 -7.853149579085023045e-08 -6.332982618202063331e-08 -5.306425687461116884e-08 -4.648954653698324262e-08 -4.216808389625355615e-08 -3.874238652333830166e-08 -3.507356580795582065e-08 -3.028604722204411766e-08 -2.375366957932896433e-08 -1.505454280623542112e-08 -3.913872875918057090e-09 9.853268989142343243e-09 2.639286514386610770e-08 4.585406369229050825e-08 6.842236436725999865e-08 9.434501253946925490e-08 1.239502375793128394e-07 1.576620093454112004e-07 1.960117479003118265e-07 2.396480045517584439e-07 2.893445673015044138e-07 3.460067203827386393e-07 4.106744808624044341e-07
2.567090505408614652e-04 3.907694939374956261e-04 5.584994095691609827e-04 5.584994095691609827e-04 4.484375496133325908e-04 2.793949279977290289e-06 1.828695971878896057e-07 -2.231027379237645584e-07 -3.396325639270130383e-07 -3.966427005250318740e-07 -3.659710526827233706e-07 -3.086931366382662592e-07 -2.476498308526232484e-07 -1.936786361673729161e-07 -1.515194235671541711e-07 -1.217235520626169120e-07 -1.024376547794356113e-07 -9.072584537706786832e-08 -8.344040252469183327e-08 -7.772789638916145209e-08 -7.126582948642240723e-08 -6.231695350089157315e-08 -4.967408828903964381e-08 -3.255062876969496662e-08 -1.045421768658839340e-08 1.693408368861999970e-08 4.986412789404500279e-08 8.860102525802936877e-08 1.334903812372836990e-07 1.850074482113009126e-07 2.437939284323925279e-07 3.106860519019945924e-07 3.867369777040824525e-07 4.732357030052276735e-07 5.717235442714991844e-07 6.840078333670686852e-07 8.121706763377745740e-07
5.029355457762069246e-04 6.561989048562844994e-04 7.956010964547461555e-04 8.245160359959223528e-04 8.245160359959223528e-04 2.825804228743439891e-04 -7.304005830946779807e-07 -6.077353908880223215e-07 -6.077353908880223215e-07 -6.555872392533245782e-07 -5.761934862297276894e-07 -4.684910204897030748e-07 -3.633307489061125145e-07 -2.762685568354887629e-07 -2.121440102477510293e-07 -1.696073037218904520e-07 -1.442369648034497122e-07 -1.305357776671443880e-07 -1.231397844362887115e-07 -1.174629670222009424e-07 -1.099449022476724186e-07 -9.804184900605101169e-08 -8.007510130625375168e-08 -5.501966629691689620e-08 -2.228645278934064681e-08 1.847315555786157599e-08 6.752853748566683787e-08 1.251955282085027848e-07 1.919306871125338884e-07 2.684004706360624036e-07 3.555319760369643880e-07 4.545512921260874506e-07 5.670144080088044793e-07 6.948342854935784480e-07 8.403060734121835242e-07 1.006130392476261973e-06 1.195431988381193430e-06
8.140955783660971251e-04 9.585190724806046505e-04 9.972276581929960353e-04 1.147207277628007954e-03 1.147207277628007954e-03 9.187840446032018464e-04 1.509254764766098223e-06 8.176650658485225679e-08 -6.952328741414623988e-07 -9.785349723069190514e-07 -8.147246324931874745e-07 -6.257467101847068947e-07 -4.609135874466126314e-07 -3.359208320207333617e-07 -2.511807568664532879e-07 -2.003246877737372722e-07 -1.743671230453417647e-07 -1.640405160517745159e-07 -1.611199905311011653e-07 -1.590392850156700570e-07 -1.530089634760434900e-07 -1.398304389693732802e-07 -1.175648016330186253e-07 -8.516648232237573483e-08 -4.214508273170050195e-08 1.171645384649782853e-08 7.658133828225054002e-08 1.527218629777716472e-07 2.406363683682808957e-07 3.411317711834651163e-07 4.553822129533164402e-07 5.849727325565736901e-07 7.319350767114646956e-07 8.987809575481208792e-07 1.088536071407382316e-06 1.304775674744645979e-06 1.551659152702930574e-06
9.039691037756098684e-04 1.161751709795058813e-03 1.183007719867024089e-03 1.412063924132280759e-03 1.412063924132280759e-03 1.096026968816932005e-03 2.423674974622543651e-04 2.434447188094697127e-07 -1.252225773373496905e-06 -1.441091178591864729e-06 -1.078423361251384828e-06 -7.588576003093437211e-07 -5.186560586748978075e-07 -3.553204269343625121e-07 -2.563334974235964647e-07 -2.061435674612610431e-07 -1.888663235524183965e-07 -1.888663235524183965e-07 -1.901391729635065632e-07 -1.982603766206950142e-07 -2.032212276714193731e-07 -1.907061417623955316e-07 -1.651871839340856575e-07 -1.259363786278353705e-07 -7.284384966156979794e-08 -6.043595722449952695e-09 7.435849881907361037e-08 1.684742170520286514e-07 2.767611521993526399e-07 4.001080327762106254e-07 5.398923720362807248e-07 6.980223484354127274e-07 8.769722087323466049e-07 1.079818396580116609e-06 1.310281579924528377e-06 1.572777082392058817e-06 1.872472306957023972e-06
9.113407360381936767e-04 1.128838503243142968e-03 1.393286127600882641e-03 1.654453972613980197e-03 1.654453972613980197e-03 1.601412596132617203e-03 7.487259847038262896e-04 8.070272177796215018e-06 -2.885610971442379518e-06 -2.035902414089420350e-06 -1.299020033611226077e-06 -8.126042711263703199e-07 -4.995326200092607188e-07 -3.103713196181837688e-07 -2.126892384323179890e-07 -1.790497610953244379e-07 -1.790497610953244379e-07 -1.848154307395424568e-07 -2.093894756291681842e-07 -2.372171239548267526e-07 -2.577399868255467184e-07 -2.545857164747048745e-07 -2.265414137131119092e-07 -1.805479985932572201e-07 -1.172503415643516497e-07 -3.740548589377596631e-08 5.842203566444544637e-08 1.700553542119095481e-07 2.978259906008999690e-07 4.426468356857627612e-07 6.060568939801884531e-07 7.902520804164115615e-07 9.981130132024212930e-07 1.233238840115506255e-06 1.499994769318459416e-06 1.803578767942122277e-06 2.150108644424769638e-06
8.015448298404044634e-04 1.074899709218158196e-03 1.408433254435399132e-03 1.499545957437881279e-03 1.499545957437881279e-03 1.353759987894424636e-03 9.386855115439652567e-04 4.822985072301541148e-05 1.557051082885388866e-07 -2.413536368130334712e-06 -1.269150087977756128e-06 -6.930068305757103726e-07 -3.564988306175633444e-07 -1.739429930967904671e-07 -1.050023755921953558e-07 -1.050023755921953558e-07 -1.125508077481113851e-07 -1.619561626813234480e-07 -2.253861748587709445e-07 -2.834786567439100638e-07 -3.245730179001221529e-07 -3.364907240094242970e-07 -3.058447558504280486e-07 -2.524638604677371505e-07 -1.782040321087055969e-07 -8.475004195276202605e-08 2.667977552053979880e-08 1.554991735302570515e-07 3.018406203066152140e-07 4.665964253857038751e-07 6.514362877823733567e-07 8.588160660475292224e-07 1.091988923545471255e-06 1.355029181361001655e-06 1.652879889291724376e-06 1.991434575633204838e-06 2.377659293360450371e-06
7.019147264598143846e-04 1.194505954406881653e-03 1.567229926045465849e-03 1.567229926045465849e-03 1.476580263528032852e-03 1.346440669394488587e-03 1.346440669394488587e-03 5.505697730074711775e-04 3.279862689258136470e-06 -6.932971490583208939e-07 -6.710371195938595476e-07 -3.337741325810579419e-07 -5.951287878852578665e-08 7.610055344081133207e-08 7.917353690839623829e-08 7.917353690839623829e-08 -4.194931623619352643e-09 -1.250722373788142662e-07 -2.467204043806868463e-07 -3.467383102619103203e-07 -4.142020133470993181e-07 -4.426610090285923138e-07 -4.078830252113978623e-07 -3.452586553185380696e-07 -2.583518844500328787e-07 -1.500704253290347125e-07 -2.245206515978301703e-08 1.234209440819323712e-07 2.874408917096002513e-07 4.704619577680164172e-07 6.742757657161090929e-07 9.015869724458727862e-07 1.155997433570875570e-06 1.442009072491407860e-06 1.765061030854102848e-06 2.131620351938661029e-06 2.549341144312066476e-06
6.969699400991753464e-04 1.269570153654473506e-03 1.692498542434853290e-03 1.692498542434853290e-03 1.403158086287132874e-03 1.083442080507896355e-03 9.971235612399828065e-04 8.644696129152129203e-04 1.504481583862335382e-04 2.960416849625963688e-07 -9.896223920775141671e-08 8.846029863389396240e-08 3.761208946036421818e-07 4.586845487401717560e-07 4.586845487401717560e-07 3.497909014085803150e-07 1.416697817240531042e-07 -8.741745082962565161e-08 -2.896848950232009265e-07 -4.425521665760139275e-07 -5.396793948139199920e-07 -5.804529564811572929e-07 -5.377676806479626607e-07 -4.623358511450151445e-07 -3.598744250438852701e-07 -2.347277097535930494e-07 -8.983855491259251461e-08 7.319577624770109774e-08 2.540400446818461878e-07 4.535347482606672726e-07 6.736178448682039340e-07 9.172586244489087553e-07 1.188404765800756732e-06 1.491948644179757458e-06 1.833734809694483025e-06 2.220644656955398279e-06 2.660789590753972548e-06
8.332552115493989603e-04 1.135299041875422171e-03 1.154391778349325801e-03 1.154391778349325801e-03 1.142063252527758489e-03 8.867762032535227721e-04 1.050539539173318479e-03 1.050539539173318479e-03 5.336596985096542190e-04 9.569483862017125371e-05 3.379053017818362793e-07 4.104566717207048968e-07 1.016851609829141563e-06 1.032725845507575731e-06 1.032725845507575731e-06 7.196357382617351943e-07 3.085006079408548904e-07 -7.658245264051261886e-08 -3.820495583065430182e-07 -5.941060662049921781e-07 -7.184285147425605035e-07 -7.578482516581152532e-07 -7.003988897543861692e-07 -6.064426435695815100e-07 -4.840822548269194631e-07 -3.391274337288303984e-07 -1.753702209846910928e-07 5.160671139590856035e-09 2.019887625093794689e-07 4.160191457246167921e-07 6.494022410471374444e-07 9.054249146807711813e-07 1.188414361003516063e-06 1.503645928732418848e-06 1.857284906788606389e-06 2.256433875434611193e-06 2.709348192909978034e-06
8.566267871254432554e-04 1.121309657900381330e-03 1.121309657900381330e-03 9.235929189017232565e-04 9.235929189017232565e-04 8.238530556794231366e-04 9.687734602308895613e-04 9.687734602308895613e-04 7.907105308483295108e-04 3.148320132259796347e-04 8.002918290983784518e-05 1.014108995138361582e-04 2.248103027484600032e-06 2.248103027484600032e-06 1.935731485199326463e-06 1.187525598189843125e-06 4.492793644181594992e-07 -1.453634093667700348e-07 -5.678248193574105508e-07 -8.333940251949001265e-07 -9.717387412988264249e-07 -9.823513037444222844e-07 -8.995369831419240045e-07 -7.789535785520393563e-07 -6.308845169653718331e-07 -4.623295493500906714e-07 -2.776755664369319850e-07 -7.917163321397806660e-08 1.327351884913906505e-07 3.591508310813271605e-07 6.025470589148934956e-07 8.666244322235639674e-07 1.156181834800140147e-06 1.476935802957848634e-06 1.835325013292836256e-06 2.238457745084464187e-06 2.694323620923584719e-06
3.964110553538300772e-04 6.907775880520356177e-04 6.907775880520356177e-04 8.412985036724260129e-04 8.412985036724260129e-04 7.886043826180146781e-04 4.794894414504895968e-04 3.887592857106762236e-04 3.682539443963096619e-04 3.643150218142664144e-04 2.942484586967515268e-04 1.742782510446639938e-04 1.078894440555301903e-04 5.841219538272064033e-06 3.274571469615168803e-06 1.645455804880241447e-06 4.464546609087947192e-07 -3.863257298874298122e-07 -9.104922845614046188e-07 -1.199906473918353776e-06 -1.322184649638720574e-06 -1.259072204558666416e-06 -1.136444160516961711e-06 -9.789501705311952682e-07 -7.981726851324883990e-07 -6.016306802691723532e-07 -3.938308621990021624e-07 -1.769068260499811259e-07 4.897279358884291336e-08 2.853019311944110125e-07 5.350107313076611360e-07 8.023439204983132967e-07 1.092752743015637431e-06 1.412590435005996743e-06 1.768621598340350217e-06 2.167748470686982976e-06 2.617170532846022807e-06
9.254468965070294635e-05 4.229143407593270970e-04 5.763495845787841229e-04 5.763495845787841229e-04 8.397403341109520736e-04 8.397403341109520736e-04 1.555395159021402110e-04 -1.811291791432857159e-04 -2.767025610289474823e-05 9.752995240298818801e-05 9.752995240298818801e-05 1.008040291757345102e-05 7.343982334421494590e-06 5.705346590591118092e-06 3.675879050109234487e-06 1.673271490807248716e-06 7.740920422406648649e-08 -9.359018865304136944e-07 -1.487912115082338362e-06 -1.733554936278254790e-06 -1.723840173305830618e-06 -1.587982153192738573e-06 -1.408217283835975392e-06 -1.202230257923259843e-06 -9.812253727642222942e-07 -7.521896243951966948e-07 -5.191103760398725755e-07 -2.835976023758113216e-07 -4.523911928040420936e-08 1.980733687997981428e-07 4.498500146229993693e-07 7.149877754464770494e-07 9.998947817579610478e-07 1.312051595710304851e-06 1.658822474375465672e-06 2.046744006477170924e-06 2.481567189319203492e-06
1.928528735937044315e-04 2.491187940095787308e-04 6.003614434460940747e-04 6.003614434460940747e-04 7.965381733197014280e-04 7.965381733197014280e-04 2.374350865923723303e-04 -3.434782557428127034e-04 -1.587659302960051089e-04 1.062980263234441342e-05 1.062980263234441342e-05 8.869486897478228623e-06 7.328440304375810400e-06 5.960305439561360351e-06 4.050326649423588894e-06 1.294341904015359890e-06 -8.741874482892714149e-07 -1.946778905375861306e-06 -2.371699352959404435e-06 -2.370748971006357720e-06 -2.190285156692514191e-06 -1.960798951070650636e-06 -1.706212563710812483e-06 -1.440528204561713544e-06 -1.172308923605973780e-06 -9.067920685075164858e-07 -6.468234151893918200e-07 -3.931340881330643563e-07 -1.444050371344287115e-07 1.023806486621064534e-07 3.513281829382207353e-07 6.078623849064566070e-07 8.797870128594276125e-07 1.176898691701914525e-06 1.507872696973954959e-06 1.878837891527101225e-06 2.293316913599829739e-06
1.142333600911537694e-04 2.266899749019790752e-04 8.311053488407132116e-04 1.118171264290613752e-03 1.118171264290613752e-03 8.327319291134325325e-04 4.053386221298043660e-04 -8.146959146092709874e-05 6.739461728667222775e-06 7.640024212429324436e-06 7.640024212429324436e-06 7.439301735619536115e-06 7.139986546042319821e-06 6.757108213854565721e-06 5.270780204008564540e-06 3.279569241197882385e-07 -2.921721996020571546e-06 -3.593287417824246025e-06 -3.359272633976466681e-06 -3.046309571220544984e-06 -2.705752531387126947e-06 -2.358715930686654399e-06 -2.015305815374929417e-06 -1.681361073006706850e-06 -1.360690048590414634e-06 -1.055846310839582846e-06 -7.682571280770975042e-07 -4.977102978326449213e-07 -2.416275897863613168e-07 4.526080044816395933e-09 2.452196835614298318e-07 4.853465683816550263e-07 7.344921930714086582e-07 1.007883461263975864e-06 1.316931730291216230e-06 1.667417949057590097e-06 2.059896690376328294e-06
-1.069581310488865877e-04 4.598054689230344014e-05 3.462507690453725637e-04 7.054337266962978567e-04 7.054337266962978567e-04 6.814844411607236165e-04 6.766328788531520734e-04 6.187246196892117226e-05 6.187246196892117226e-05 9.928517120985398483e-06 6.107709286528489267e-06 7.035095930319549159e-06 8.657360665805714935e-06 9.947729028636620978e-06 9.947729028636620978e-06 -2.331572415524444511e-06 -5.959519415676987787e-06 -5.036850750636664978e-06 -4.338674573305895411e-06 -3.749464148512389524e-06 -3.227699466948565939e-06 -2.753006424914055440e-06 -2.314933694095570407e-06 -1.908920223499717925e-06 -1.533243886909357788e-06 -1.187645998183368510e-06 -8.726484884467324192e-07 -5.878223853341287704e-07 -3.289211042231285865e-07 -8.786842225796263860e-08 1.396779028810392326e-07 3.538120119873797476e-07 5.649517297805409784e-07 8.032112299913493241e-07 1.084552813869436539e-06 1.414005484035687110e-06 1.789106012341847407e-06
