outputs/starting_mean_water__depth.asc
ncols 259
nrows 149
xllcorner 0.0
yllcorner 0.0
cellsize 1.15722698403
[rows 102 to 118 of 149, columns 0 to 36 of 259]
1.000000000000000021e-02 1.000000000000000021e-02 1.000000000000000021e-02 1.000000000000000021e-02 1.000000000000000021e-02 1.000000000000000021e-02 1.000000000000000021e-02 4.229678315744400119e-01 8.965871334075927734e-01 1.337250113487243652e+00 1.453794956207275391e+00 1.687243938446044922e+00 1.622053980827331543e+00 1.456087708473205566e+00 1.594578027725219727e+00 1.836375713348388672e+00 1.736889839172363281e+00 1.193576455116271973e+00 1.044898390769958496e+00 9.142521023750305176e-01 1.099528670310974121e+00 1.161576151847839355e+00 8.864495754241943359e-01 7.179613113403320312e-01 8.377382755279541016e-01 1.186644434928894043e+00 1.432624220848083496e+00 1.294418931007385254e+00 1.190684795379638672e+00 1.174037575721740723e+00 1.147666215896606445e+00 1.268947243690490723e+00 1.407046198844909668e+00 1.342879414558410645e+00 1.361994862556457520e+00 1.150062799453735352e+00 9.483266472816467285e-01
1.000000000000000021e-02 1.000000000000000021e-02 1.000000000000000021e-02 1.000000000000000021e-02 1.000000000000000021e-02 1.000000000000000021e-02 3.089662175328135585e-01 1.252590775489807129e+00 1.594251632690429688e+00 1.647055387496948242e+00 1.495247364044189453e+00 1.641566753387451172e+00 1.506947517395019531e+00 1.181510567665100098e+00 1.232088446617126465e+00 1.424937486648559570e+00 1.399766445159912109e+00 8.055275678634643555e-01 7.665369510650634766e-01 7.151938080787658691e-01 1.088296651840209961e+00 1.276156544685363770e+00 1.042757272720336914e+00 8.759531378746032715e-01 9.147809147834777832e-01 1.202190876007080078e+00 1.460418462753295898e+00 1.458479881286621094e+00 1.311864495277404785e+00 1.259185314178466797e+00 1.261987090110778809e+00 1.387464761734008789e+00 1.431065201759338379e+00 1.128266811370849609e+00 1.095377922058105469e+00 1.279708027839660645e+00 1.391479730606079102e+00
1.000000000000000021e-02 1.000000000000000021e-02 1.000000000000000021e-02 1.000000000000000021e-02 1.000000000000000021e-02 1.123323244676590060e-01 9.830049872398376465e-01 1.123217225074768066e+00 1.214668631553649902e+00 1.254315018653869629e+00 1.132885813713073730e+00 1.389563083648681641e+00 1.431798577308654785e+00 1.036413908004760742e+00 1.114259958267211914e+00 1.219207286834716797e+00 1.170325040817260742e+00 6.362129402980805093e-01 5.468976301774979287e-01 6.350926411972046548e-01 1.109929203987121582e+00 1.370839238166809082e+00 1.210344314575195312e+00 1.109465718269348145e+00 1.233324050903320312e+00 1.448580384254455566e+00 1.532575130462646484e+00 1.484441161155700684e+00 1.310180544853210449e+00 1.294272899627685547e+00 1.324679851531982422e+00 1.414483428001403809e+00 1.282821416854858398e+00 9.702129960060119629e-01 7.993581891059875488e-01 9.044395685195922852e-01 1.216453671455383301e+00
8.895231485366821289e-01 7.613781094551086426e-01 5.512815667018891030e-01 5.390546275005341226e-01 4.327176389918327426e-01 8.792478442192077637e-01 1.289641737937927246e+00 5.905760181770325357e-01 4.956691069231033420e-01 5.555164320096970254e-01 5.943584395275116616e-01 1.027231812477111816e+00 1.085994839668273926e+00 9.059753417968750000e-01 1.150970339775085449e+00 1.265375494956970215e+00 1.044598937034606934e+00 7.129015326499938965e-01 5.231049013957977945e-01 6.718569993972778320e-01 1.205571293830871582e+00 1.462204456329345703e+00 1.441047191619873047e+00 1.418145775794982910e+00 1.568448305130004883e+00 1.589455842971801758e+00 1.447744727134704590e+00 1.312631011009216309e+00 1.071019649505615234e+00 1.052097797393798828e+00 1.021579861640930176e+00 1.233013629913330078e+00 1.192023277282714844e+00 1.057247281074523926e+00 9.018975496292114258e-01 8.081542253494262695e-01 9.472295641899108887e-01
1.604988694190979004e+00 1.520363688468933105e+00 1.233729124069213867e+00 1.224297046661376953e+00 1.173321843147277832e+00 1.362807393074035645e+00 8.954656124114990234e-01 2.611241442785263156e-01 1.000000000000000021e-02 5.048599370574952117e-02 4.757499226188660613e-02 1.485480023250579928e-01 1.589887244329452609e-01 2.639688616321086978e-01 5.717819286212921792e-01 1.006665229797363281e+00 9.693328738212585449e-01 9.918909072875976562e-01 8.698650002479553223e-01 1.035831093788146973e+00 1.516711354255676270e+00 1.648701429367065430e+00 1.717720031738281250e+00 1.622300267219543457e+00 1.634742617607116699e+00 1.552324056625366211e+00 1.157216191291809082e+00 7.391300201416015625e-01 5.999172283039093667e-01 5.873458338603974038e-01 5.492892814502716714e-01 6.093460572586060220e-01 8.229623436927795410e-01 9.900436997413635254e-01 1.097167611122131348e+00 1.065215826034545898e+00 1.011769294738769531e+00
1.724695563316345215e+00 1.812585353851318359e+00 1.624977350234985352e+00 1.611063361167907715e+00 1.576858162879943848e+00 1.224650621414184570e+00 4.823220176324844455e-01 1.000000000000000021e-02 1.000000000000000021e-02 1.000000000000000021e-02 1.000000000000000021e-02 1.000000000000000021e-02 1.000000000000000021e-02 1.000000000000000021e-02 5.023052819824219695e-02 5.442131412849426919e-01 1.010039448738098145e+00 1.172715663909912109e+00 1.117977857589721680e+00 1.161540269851684570e+00 1.556914091110229492e+00 1.711053609848022461e+00 1.807369232177734375e+00 1.709346532821655273e+00 1.526494383811950684e+00 1.280551075935363770e+00 8.054293990135192871e-01 5.326294852123261148e-01 4.990280223712921237e-01 4.880945039615631198e-01 4.570488286838531589e-01 4.299312857613563632e-01 5.149863613471985513e-01 6.176548255310059243e-01 8.255144357681274414e-01 1.016121506690979004e+00 1.271504044532775879e+00
1.919614076614379883e+00 2.011885881423950195e+00 1.938951015472412109e+00 1.745467185974121094e+00 1.617444992065429688e+00 1.083072066307067871e+00 3.314327429682612514e-01 1.000000000000000021e-02 1.000000000000000021e-02 1.000000000000000021e-02 1.000000000000000021e-02 1.000000000000000021e-02 1.000000000000000021e-02 1.000000000000000021e-02 1.000000000000000021e-02 2.226091203913688754e-01 5.739576769695282632e-01 9.627950787544250488e-01 1.160435795783996582e+00 1.105179071426391602e+00 1.290353536605834961e+00 1.578914165496826172e+00 1.701279282569885254e+00 1.697123050689697266e+00 1.414644002914428711e+00 8.933987021446228027e-01 5.624927831516266519e-01 5.395461423025131875e-01 5.388030213937760049e-01 5.305977267847061807e-01 5.096837235317230874e-01 4.672392857894897555e-01 4.811121476516723727e-01 5.315014822111130410e-01 5.814386261329651528e-01 6.429924321994782144e-01 9.707713723182678223e-01
1.802706718444824219e+00 1.877061486244201660e+00 1.920903325080871582e+00 1.738857507705688477e+00 1.716921567916870117e+00 1.335750699043273926e+00 4.703392041549682712e-01 1.000000000000000021e-02 1.000000000000000021e-02 1.000000000000000021e-02 1.000000000000000021e-02 1.000000000000000021e-02 1.000000000000000021e-02 1.000000000000000021e-02 1.000000000000000021e-02 1.000000000000000021e-02 1.769122285470962619e-01 6.767761111259460449e-01 1.322767376899719238e+00 1.207708358764648438e+00 1.469359755516052246e+00 1.641934156417846680e+00 1.590941429138183594e+00 1.615903973579406738e+00 1.353376507759094238e+00 7.788974642753601074e-01 5.017983121500015908e-01 5.614903820381165200e-01 5.782478702888489419e-01 5.708063048944473916e-01 5.577175272331238443e-01 5.241512162313461953e-01 5.349191976413727456e-01 5.697698248252869302e-01 5.559118343219757730e-01 5.583700341806412393e-01 5.640869242773056680e-01
1.535179257392883301e+00 1.540303468704223633e+00 1.636707782745361328e+00 1.609266042709350586e+00 1.684650421142578125e+00 1.532388687133789062e+00 5.380374146327973062e-01 1.000000000000000021e-02 1.000000000000000021e-02 1.000000000000000021e-02 1.000000000000000021e-02 1.000000000000000021e-02 1.000000000000000021e-02 1.000000000000000021e-02 1.000000000000000021e-02 1.000000000000000021e-02 1.000000000000000021e-02 4.330699545965194797e-01 1.095787763595581055e+00 1.377815365791320801e+00 1.709174752235412598e+00 1.813740253448486328e+00 1.610791087150573730e+00 1.568638920783996582e+00 1.335934758186340332e+00 1.093770861625671387e+00 7.920804619789123535e-01 6.836032271385192871e-01 6.391520453319550210e-01 6.138560725078583413e-01 6.017511440143585855e-01 5.781645429954529458e-01 5.860764039382935220e-01 5.935632241592407876e-01 5.538868708238602334e-01 5.744430375919342691e-01 4.762377096042633151e-01
1.285461664199829102e+00 1.466156721115112305e+00 1.512363672256469727e+00 1.427972316741943359e+00 1.457420349121093750e+00 1.509888768196105957e+00 5.121432197914124185e-01 1.000000000000000021e-02 1.000000000000000021e-02 1.000000000000000021e-02 1.000000000000000021e-02 1.000000000000000021e-02 1.000000000000000021e-02 1.000000000000000021e-02 1.000000000000000021e-02 1.000000000000000021e-02 1.000000000000000021e-02 1.273134750947952365e-01 7.067927122116088867e-01 1.552511930465698242e+00 1.542658209800720215e+00 1.875346779823303223e+00 1.770107150077819824e+00 1.675070881843566895e+00 1.458181262016296387e+00 1.399546027183532715e+00 1.366575121879577637e+00 1.268225193023681641e+00 9.870812892913818359e-01 7.651968598365783691e-01 6.915448307991027832e-01 6.355083537921906167e-01 6.264294041023255044e-01 5.728290630207062417e-01 5.625762594566345864e-01 6.013053906784058267e-01 4.569337172136306857e-01
6.348206354007721597e-01 1.420032978057861328e+00 1.569450378417968750e+00 1.324491143226623535e+00 1.366073012351989746e+00 1.533988118171691895e+00 8.181744813919067383e-01 1.000000000000000021e-02 1.000000000000000021e-02 1.000000000000000021e-02 1.000000000000000021e-02 1.000000000000000021e-02 1.000000000000000021e-02 1.000000000000000021e-02 1.000000000000000021e-02 1.000000000000000021e-02 1.000000000000000021e-02 1.000000000000000021e-02 4.368858961091041659e-01 1.289244532585144043e+00 1.433783531188964844e+00 1.791493654251098633e+00 1.978388547897338867e+00 1.745177865028381348e+00 1.350048303604125977e+00 1.196811437606811523e+00 1.382088184356689453e+00 1.630237936973571777e+00 1.375945925712585449e+00 1.213930249214172363e+00 1.075770378112792969e+00 8.475449681282043457e-01 6.434428346977234536e-01 5.315682245121002847e-01 5.800957930908203775e-01 6.316578639373779946e-01 4.657348049507141208e-01
1.857261610851287936e-01 9.006626605987548828e-01 1.443223714828491211e+00 1.256564617156982422e+00 1.351746320724487305e+00 1.468772649765014648e+00 1.194184660911560059e+00 1.190773797855377292e-01 1.000000000000000021e-02 1.000000000000000021e-02 1.000000000000000021e-02 1.000000000000000021e-02 1.000000000000000021e-02 1.000000000000000021e-02 1.000000000000000021e-02 1.000000000000000021e-02 1.000000000000000021e-02 1.000000000000000021e-02 1.816405607089996432e-01 5.622326237783432656e-01 1.187982201576232910e+00 1.458434224128723145e+00 1.961068868637084961e+00 1.649095773696899414e+00 1.034869432449340820e+00 7.297668457031250000e-01 9.931778311729431152e-01 1.461846590042114258e+00 1.644107460975646973e+00 1.480014920234680176e+00 1.325854301452636719e+00 1.198860287666320801e+00 8.243755102157592773e-01 5.572394830808640176e-01 6.276313317642212564e-01 7.279924154281616211e-01 5.571642471179962808e-01
1.000000000000000021e-02 3.582339165434837436e-01 9.757310748100280762e-01 1.180516004562377930e+00 1.279400229454040527e+00 1.268194079399108887e+00 1.196439862251281738e+00 3.776566451117992496e-01 1.000000000000000021e-02 1.000000000000000021e-02 1.000000000000000021e-02 1.000000000000000021e-02 1.000000000000000021e-02 1.000000000000000021e-02 1.000000000000000021e-02 1.000000000000000021e-02 1.000000000000000021e-02 1.000000000000000021e-02 1.000000000000000021e-02 1.000000000000000021e-02 4.373892945871353244e-01 9.348531961441040039e-01 1.791398286819458008e+00 1.564265131950378418e+00 7.911334633827209473e-01 4.623585743532180881e-01 5.955305946693421060e-01 1.068328499794006348e+00 1.561625123023986816e+00 1.656748890876770020e+00 1.417530059814453125e+00 1.311640381813049316e+00 1.203029870986938477e+00 9.004874229431152344e-01 9.545252919197082520e-01 1.130871295928955078e+00 1.153336524963378906e+00
1.000000000000000021e-02 8.831491597747803679e-02 5.660300505981445962e-01 1.067407488822937012e+00 1.266846299171447754e+00 1.218929409980773926e+00 1.231397628784179688e+00 8.337967395782470703e-01 3.822220740542411899e-01 2.041762598609925261e-02 1.000000000000000021e-02 1.000000000000000021e-02 1.000000000000000021e-02 1.000000000000000021e-02 1.000000000000000021e-02 1.000000000000000021e-02 1.000000000000000021e-02 1.000000000000000021e-02 1.000000000000000021e-02 1.000000000000000021e-02 1.000000000000000021e-02 2.766329412982463931e-01 9.003500938415527344e-01 9.585974812507629395e-01 5.746008706912995034e-01 2.444647056684494113e-01 3.721484755799770450e-01 6.346676302776337320e-01 1.169016003608703613e+00 1.615835309028625488e+00 1.578337073326110840e+00 1.198477029800415039e+00 1.278151154518127441e+00 1.346175432205200195e+00 1.053509354591369629e+00 1.191445350646972656e+00 1.492793917655944824e+00
1.000000000000000021e-02 1.000000000000000021e-02 3.670666096434593295e-01 8.006393909454345703e-01 1.268653631210327148e+00 1.357351660728454590e+00 1.433205604553222656e+00 1.363212704658508301e+00 6.645455360412597656e-01 2.829256606922149753e-01 1.332201463804245090e-01 3.535744079208374968e-02 1.000000000000000021e-02 1.000000000000000021e-02 1.000000000000000021e-02 1.000000000000000021e-02 1.000000000000000021e-02 1.000000000000000021e-02 1.000000000000000021e-02 1.000000000000000021e-02 1.000000000000000021e-02 1.000000000000000021e-02 1.000000000000000021e-02 2.296530482993126010e-01 2.905413685069084262e-01 5.612873562431336394e-02 1.497244937047958468e-01 4.122984958515167331e-01 7.102579474449157715e-01 1.184560060501098633e+00 1.447648644447326660e+00 1.176523089408874512e+00 1.015161395072937012e+00 1.041975855827331543e+00 7.353616356849670410e-01 8.091320991516113281e-01 1.058914661407470703e+00
1.000000000000000021e-02 1.000000000000000021e-02 1.000000000000000021e-02 3.562927273736000156e-01 9.756213426589965820e-01 1.467414498329162598e+00 1.673895120620727539e+00 1.589637637138366699e+00 1.027551412582397461e+00 5.520096523389816934e-01 4.407225204334259128e-01 3.247809086163193082e-01 1.994614628777504062e-01 5.024259813880921355e-02 1.000000000000000021e-02 1.000000000000000021e-02 1.000000000000000021e-02 1.000000000000000021e-02 1.000000000000000021e-02 1.000000000000000021e-02 1.000000000000000021e-02 1.000000000000000021e-02 1.000000000000000021e-02 1.000000000000000021e-02 1.000000000000000021e-02 1.000000000000000021e-02 1.000000000000000021e-02 1.794003499374389743e-01 4.121404988393783664e-01 6.126148057804108316e-01 9.173250794410705566e-01 9.032469391822814941e-01 6.783286929130554199e-01 6.403270018920899087e-01 6.456914544105529785e-01 7.404882311820983887e-01 7.553998827934265137e-01
1.000000000000000021e-02 1.000000000000000021e-02 1.000000000000000021e-02 1.000000000000000021e-02 5.103117776737213784e-01 1.377201199531555176e+00 1.815934896469116211e+00 1.784784674644470215e+00 1.375836372375488281e+00 1.028202414512634277e+00 7.742896676063537598e-01 5.494784367904663736e-01 3.706569513008594607e-01 1.730555398092269992e-01 1.000000000000000021e-02 1.000000000000000021e-02 1.000000000000000021e-02 1.000000000000000021e-02 1.000000000000000021e-02 1.000000000000000021e-02 1.000000000000000021e-02 1.000000000000000021e-02 1.000000000000000021e-02 1.000000000000000021e-02 1.000000000000000021e-02 1.000000000000000021e-02 1.000000000000000021e-02 1.000000000000000021e-02 1.296866191253662204e-01 3.305545849428176974e-01 4.788251025304794406e-01 4.156468687281608676e-01 3.754857396409511661e-01 5.575723303184509927e-01 6.858495473861694336e-01 7.013440728187561035e-01 7.889249324798583984e-01
