outputs/starting_mean_water__depth.asc
ncols 259
nrows 149
xllcorner 0.0
yllcorner 0.0
cellsize 1.15722698403
[rows 17 to 33 of 149, columns 222 to 258 of 259]
1.000000000000000021e-02 1.000000000000000021e-02 1.000000000000000021e-02 1.000000000000000021e-02 1.000000000000000021e-02 1.000000000000000021e-02 1.000000000000000021e-02 1.000000000000000021e-02 1.000000000000000021e-02 1.000000000000000021e-02 1.000000000000000021e-02 1.000000000000000021e-02 1.000000000000000021e-02 1.000000000000000021e-02 1.000000000000000021e-02 1.000000000000000021e-02 1.000000000000000021e-02 1.000000000000000021e-02 1.000000000000000021e-02 1.000000000000000021e-02 5.095532067871094695e-02 4.271722389087677096e-01 5.569429052696228677e-01 6.020967019424439126e-01 6.073888791427612954e-01 5.362508399114609414e-01 4.807755006179809665e-01 7.223629355430603027e-01 6.566107869148254395e-01 6.324375522956848794e-01 4.553267461881637668e-01 1.000000000000000021e-02 1.000000000000000021e-02 1.000000000000000021e-02 1.000000000000000021e-02 1.000000000000000021e-02 1.000000000000000021e-02
1.000000000000000021e-02 1.000000000000000021e-02 1.000000000000000021e-02 1.000000000000000021e-02 1.000000000000000021e-02 1.000000000000000021e-02 1.000000000000000021e-02 1.000000000000000021e-02 1.000000000000000021e-02 1.000000000000000021e-02 1.000000000000000021e-02 1.000000000000000021e-02 1.000000000000000021e-02 1.000000000000000021e-02 1.000000000000000021e-02 1.000000000000000021e-02 1.000000000000000021e-02 1.000000000000000021e-02 1.000000000000000021e-02 1.000000000000000021e-02 4.613816269493103972e-02 3.833960992918014621e-01 4.886020673141479587e-01 6.055271578655243570e-01 7.899850010871887207e-01 8.043364882469177246e-01 5.291829360351563150e-01 7.502398490905761719e-01 6.422899020538330728e-01 6.227443469390869790e-01 5.410830033645630532e-01 2.529879935836792937e-02 1.000000000000000021e-02 1.000000000000000021e-02 1.000000000000000021e-02 1.000000000000000021e-02 1.000000000000000021e-02
1.000000000000000021e-02 1.000000000000000021e-02 1.000000000000000021e-02 1.000000000000000021e-02 1.000000000000000021e-02 1.000000000000000021e-02 1.000000000000000021e-02 1.000000000000000021e-02 1.000000000000000021e-02 1.000000000000000021e-02 1.000000000000000021e-02 1.000000000000000021e-02 1.000000000000000021e-02 1.000000000000000021e-02 1.000000000000000021e-02 1.000000000000000021e-02 1.000000000000000021e-02 1.000000000000000021e-02 1.000000000000000021e-02 1.000000000000000021e-02 8.269549437618256560e-02 3.610688214824199771e-01 4.504101825580597018e-01 5.867211175785065347e-01 7.836057543754577637e-01 9.520111083984375000e-01 9.346623420715332031e-01 8.369407653808593750e-01 7.659772634506225586e-01 6.884983181953430176e-01 6.685194373130798340e-01 3.975489614233970737e-01 4.333668478584290495e-02 1.000000000000000021e-02 1.000000000000000021e-02 1.000000000000000021e-02 1.000000000000000021e-02
1.000000000000000021e-02 1.000000000000000021e-02 1.000000000000000021e-02 1.000000000000000021e-02 1.000000000000000021e-02 1.000000000000000021e-02 1.000000000000000021e-02 1.000000000000000021e-02 1.000000000000000021e-02 1.000000000000000021e-02 1.000000000000000021e-02 1.000000000000000021e-02 1.000000000000000021e-02 1.000000000000000021e-02 1.000000000000000021e-02 1.000000000000000021e-02 1.000000000000000021e-02 1.000000000000000021e-02 1.000000000000000021e-02 1.000000000000000021e-02 2.115845782384872531e-01 4.076607776508331393e-01 4.951197160110473727e-01 6.264157248363495523e-01 8.658218383789062500e-01 9.847084879875183105e-01 9.870567321777343750e-01 9.976206421852111816e-01 9.591161608695983887e-01 8.980751037597656250e-01 8.231051564216613770e-01 6.952777504920959473e-01 5.548846525774002725e-01 3.866864768490791415e-01 2.083194283471107577e-01 1.372778219804763888e-01 1.340121878013610934e-01
2.405938161239624118e-01 1.976109919772148227e-01 2.067083893046379184e-01 1.474868782615662566e-02 1.000000000000000021e-02 1.000000000000000021e-02 1.000000000000000021e-02 1.000000000000000021e-02 1.000000000000000021e-02 1.000000000000000021e-02 1.000000000000000021e-02 1.000000000000000021e-02 1.000000000000000021e-02 1.000000000000000021e-02 1.000000000000000021e-02 1.000000000000000021e-02 1.000000000000000021e-02 5.365404018020630827e-02 6.636285313224793425e-02 1.992789609060287570e-01 3.959867683873176669e-01 5.352946025953293496e-01 6.238371981010437661e-01 7.430443167686462402e-01 9.107328653335571289e-01 9.795010089874267578e-01 9.810506701469421387e-01 9.834592342376708984e-01 9.001433253288269043e-01 8.544880747795104980e-01 8.188779354095458984e-01 7.465354204177856445e-01 6.508980393409729004e-01 5.586547804698944741e-01 5.376843316183090860e-01 4.706386429891586398e-01 4.210691479668617343e-01
5.330124897584915811e-01 5.597796691284180337e-01 5.258159441576004678e-01 3.664993447885513400e-01 2.712912661657333468e-01 1.404086751565933322e-01 1.000000000000000021e-02 1.000000000000000021e-02 1.000000000000000021e-02 1.000000000000000021e-02 1.000000000000000021e-02 1.000000000000000021e-02 1.000000000000000021e-02 1.000000000000000021e-02 1.000000000000000021e-02 1.258044792041778659e-01 2.708266703114509677e-01 3.134628794789910411e-01 3.109158267900943851e-01 3.647129563317298984e-01 5.266793025360108071e-01 6.480452418327331543e-01 8.207836151123046875e-01 8.620986342430114746e-01 9.368001222610473633e-01 9.863165616989135742e-01 9.730674028396606445e-01 9.417172074317932129e-01 8.620873689651489258e-01 8.365540504455566406e-01 7.701553702354431152e-01 7.118507027626037598e-01 6.593701839447021484e-01 5.644207996950150186e-01 5.371027392969132119e-01 5.359014076814652139e-01 5.482413125858307534e-01
6.436430168972016030e-01 6.704074740409851074e-01 6.359362555370331460e-01 5.956417871341705972e-01 5.760374022350311929e-01 5.046618235931397134e-01 4.178932038769722079e-01 3.504911297634840106e-01 2.854570289776325320e-01 1.868921322450637912e-01 1.775322509632110690e-01 2.033451301679611301e-01 2.146231857762336825e-01 1.786680621728897189e-01 2.496397746429443454e-01 3.560639721975326633e-01 4.391308976039886569e-01 4.569795978889465426e-01 4.570178938732147311e-01 4.781464142427444552e-01 5.949835432395935708e-01 7.790414094924926758e-01 9.339414238929748535e-01 1.001331090927124023e+00 1.010195136070251465e+00 9.922633767127990723e-01 9.096740484237670898e-01 8.420454859733581543e-01 7.499264478683471680e-01 7.277830839157104492e-01 6.530174612998962402e-01 6.047107232437134439e-01 5.927772177085877114e-01 5.194128406867981607e-01 4.787678671703338718e-01 5.037781847343445474e-01 5.109504265413284951e-01
7.989783287048339844e-01 7.707541584968566895e-01 7.728403806686401367e-01 8.421963453292846680e-01 8.139257431030273438e-01 7.764863371849060059e-01 7.543966770172119141e-01 6.956841945648193359e-01 6.231465292797089273e-01 5.832965923175812417e-01 5.736461234912872964e-01 5.732906115875244790e-01 5.621697706804276162e-01 5.630338592157364541e-01 5.681733293161392861e-01 5.604180050716400796e-01 5.443895859346390420e-01 5.163322491273880654e-01 4.972556037530899142e-01 5.706904930696488076e-01 7.767365574836730957e-01 9.725574254989624023e-01 1.068285584449768066e+00 1.099906682968139648e+00 1.057471632957458496e+00 1.020146369934082031e+00 8.647621273994445801e-01 7.245153784751892090e-01 5.989734185562134439e-01 5.543394935951233560e-01 5.638880682811737710e-01 5.600343299732208902e-01 5.646975738630295449e-01 4.993137223348617648e-01 4.704828066453933810e-01 4.368997988924980258e-01 4.010326442942619418e-01
9.716738462448120117e-01 9.936539530754089355e-01 1.024455428123474121e+00 1.066960334777832031e+00 1.019727587699890137e+00 1.042240381240844727e+00 1.042908668518066406e+00 1.021650075912475586e+00 1.015312910079956055e+00 1.011223077774047852e+00 9.552360773086547852e-01 9.454832077026367188e-01 9.043806791305541992e-01 8.577297329902648926e-01 8.168888688087463379e-01 7.795525789260864258e-01 7.156301736831665039e-01 6.566138267517089844e-01 6.168910516128540689e-01 7.467690706253051758e-01 1.046230792999267578e+00 1.207725286483764648e+00 1.202536940574645996e+00 1.114544987678527832e+00 1.030066370964050293e+00 9.596012234687805176e-01 7.399300336837768555e-01 5.785348368511200601e-01 5.007385862693787271e-01 4.483594251499176120e-01 4.830619347915649509e-01 5.181801570281983071e-01 5.181927187070847207e-01 4.419656721577644443e-01 4.553565783128738498e-01 4.140589562878608798e-01 2.802055282220840549e-01
1.177712321281433105e+00 1.168007016181945801e+00 1.245358228683471680e+00 1.258827209472656250e+00 1.257503032684326172e+00 1.306720972061157227e+00 1.251834869384765625e+00 1.214025616645812988e+00 1.240037322044372559e+00 1.228327035903930664e+00 1.174093246459960938e+00 1.193808078765869141e+00 1.127533197402954102e+00 1.049612760543823242e+00 1.043197751045227051e+00 9.954801201820373535e-01 9.673110246658325195e-01 9.678881764411926270e-01 9.577733874320983887e-01 9.998494982719421387e-01 1.203760147094726562e+00 1.292725324630737305e+00 1.150209665298461914e+00 1.026619911193847656e+00 9.015129804611206055e-01 7.991079092025756836e-01 6.221228195056915933e-01 5.030914349184036904e-01 4.517132593021392917e-01 3.974014175758361911e-01 4.014346180186271762e-01 4.201405374035835361e-01 4.411284504160881137e-01 3.949637962207794284e-01 3.941896138415336703e-01 2.813177806959152316e-01 3.852274545288086882e-02
1.405981302261352539e+00 1.356904387474060059e+00 1.411909699440002441e+00 1.440507888793945312e+00 1.452617168426513672e+00 1.532889723777770996e+00 1.477052927017211914e+00 1.456449389457702637e+00 1.400300025939941406e+00 1.365716099739074707e+00 1.340652108192443848e+00 1.365207672119140625e+00 1.302053213119506836e+00 1.238287091255187988e+00 1.237454771995544434e+00 1.199712753295898438e+00 1.242312312126159668e+00 1.195149660110473633e+00 1.121200084686279297e+00 1.125499367713928223e+00 1.225996732711791992e+00 1.137898802757263184e+00 8.976839780807495117e-01 8.035967946052551270e-01 6.808751821517944336e-01 5.867278231010437661e-01 5.084485960826874429e-01 4.450939399824142551e-01 4.063888666853904819e-01 3.732311268970966434e-01 3.779939515218734836e-01 3.768849288747310733e-01 3.712350530252456760e-01 3.330897576809525584e-01 2.920045097992420291e-01 8.917076417064667693e-02 1.000000000000000021e-02
1.640241384506225586e+00 1.656164884567260742e+00 1.610313534736633301e+00 1.582166194915771484e+00 1.580662727355957031e+00 1.666458368301391602e+00 1.685344099998474121e+00 1.647612094879150391e+00 1.524726152420043945e+00 1.480779170989990234e+00 1.437529087066650391e+00 1.452150464057922363e+00 1.487655162811279297e+00 1.406894803047180176e+00 1.398174524307250977e+00 1.419009327888488770e+00 1.422771573066711426e+00 1.312759518623352051e+00 1.199486494064331055e+00 1.157665967941284180e+00 1.067037343978881836e+00 7.968986034393310547e-01 6.395195675716400796e-01 6.300736916885376626e-01 5.942080570087433511e-01 4.904343587980270480e-01 4.136669812426567172e-01 3.680056994483471011e-01 3.559739468321800326e-01 3.756471564695835208e-01 3.764806827232837771e-01 3.177876881957650279e-01 2.530064386949539279e-01 1.893453849182129001e-01 1.864905310497284030e-01 1.005282057151794528e-01 1.000000000000000021e-02
1.765785098075866699e+00 1.828945875167846680e+00 1.738022565841674805e+00 1.669365525245666504e+00 1.699865221977233887e+00 1.669994115829467773e+00 1.709808945655822754e+00 1.679824590682983398e+00 1.655330538749694824e+00 1.623558759689331055e+00 1.603147268295288086e+00 1.600900888442993164e+00 1.628370761871337891e+00 1.504230856895446777e+00 1.472912669181823730e+00 1.486358404159545898e+00 1.484749794006347656e+00 1.384078145027160645e+00 1.307257294654846191e+00 1.187251091003417969e+00 8.671184182167053223e-01 5.494946194515228921e-01 5.392336798534393960e-01 5.718241436109543496e-01 5.342678678855896646e-01 4.403100339398384189e-01 3.826562827155590152e-01 3.595648994371891116e-01 3.742719618306160068e-01 3.954354850277900790e-01 3.717351359949112033e-01 2.634861645922660922e-01 1.415598792657852267e-01 5.134957560157776824e-02 1.553672083473206511e-02 4.082422979927063933e-02 1.000000000000000021e-02
1.811524391174316406e+00 1.831627488136291504e+00 1.797104239463806152e+00 1.730893373489379883e+00 1.737506270408630371e+00 1.667957186698913574e+00 1.690084695816040039e+00 1.710335373878479004e+00 1.723276138305664062e+00 1.721590995788574219e+00 1.711814045906066895e+00 1.668776750564575195e+00 1.664450049400329590e+00 1.595544934272766113e+00 1.545340180397033691e+00 1.510898947715759277e+00 1.506449341773986816e+00 1.434741258621215820e+00 1.377778410911560059e+00 1.218360304832458496e+00 7.740782499313354492e-01 4.576504034624099826e-01 4.676830274686813449e-01 5.231589926109314614e-01 4.797756028995514010e-01 4.003243921027183627e-01 3.654400175139904117e-01 3.651604940817356204e-01 4.003751082048416232e-01 4.066964639053344821e-01 3.603177955076694583e-01 2.369738993868827914e-01 8.353243299579621306e-02 1.000000000000000021e-02 1.000000000000000021e-02 1.000000000000000021e-02 1.000000000000000021e-02
1.810912609100341797e+00 1.841517090797424316e+00 1.854284405708312988e+00 1.797944545745849609e+00 1.785953164100646973e+00 1.736209869384765625e+00 1.709702730178833008e+00 1.704553604125976562e+00 1.747672557830810547e+00 1.746774315834045410e+00 1.713431239128112793e+00 1.667051076889038086e+00 1.673747301101684570e+00 1.635634183883666992e+00 1.618878126144409180e+00 1.565540552139282227e+00 1.517006754875183105e+00 1.470363020896911621e+00 1.371476769447326660e+00 1.208863854408264160e+00 8.396806120872497559e-01 4.993606162891388034e-01 4.262982709035873508e-01 4.792223823890686130e-01 4.367902902588844394e-01 3.791566928551197146e-01 3.595542935357093906e-01 3.726349500641822909e-01 4.220232171640396213e-01 4.069138345942497348e-01 3.407266391143798923e-01 2.133013112173080539e-01 5.427532919502259245e-02 1.000000000000000021e-02 1.000000000000000021e-02 1.000000000000000021e-02 1.000000000000000021e-02
1.821687459945678711e+00 1.819619655609130859e+00 1.881491184234619141e+00 1.881440758705139160e+00 1.884592652320861816e+00 1.820157766342163086e+00 1.764440655708312988e+00 1.715393662452697754e+00 1.762593984603881836e+00 1.739847302436828613e+00 1.719642877578735352e+00 1.682727575302124023e+00 1.661054253578186035e+00 1.621337413787841797e+00 1.640578985214233398e+00 1.594504714012145996e+00 1.573208212852478027e+00 1.556130766868591309e+00 1.341442942619323730e+00 1.217427492141723633e+00 9.761081337928771973e-01 6.557610630989074707e-01 5.235156370029450112e-01 5.002638352737427407e-01 4.345465702638626193e-01 3.810888332948684787e-01 3.572028195188045596e-01 3.802562942430973147e-01 4.343029958829879855e-01 3.993434561119079684e-01 3.206084374972283935e-01 1.900908006057739352e-01 3.327199348068238249e-02 1.000000000000000021e-02 1.000000000000000021e-02 1.000000000000000021e-02 1.000000000000000021e-02
1.799901127815246582e+00 1.741881012916564941e+00 1.756103038787841797e+00 1.830002665519714355e+00 1.903550863265991211e+00 1.850003480911254883e+00 1.830582857131958008e+00 1.765295624732971191e+00 1.771928668022155762e+00 1.734818220138549805e+00 1.696202039718627930e+00 1.690887689590454102e+00 1.638695955276489258e+00 1.585080027580261230e+00 1.618463039398193359e+00 1.594937682151794434e+00 1.599002838134765625e+00 1.573663830757141113e+00 1.388201355934143066e+00 1.271466970443725586e+00 1.119021892547607422e+00 9.485647082328796387e-01 7.903375625610351562e-01 6.592156887054443359e-01 5.526595664844513589e-01 4.492055875883102511e-01 3.793134269938469028e-01 3.954302398190498447e-01 4.362479475960731601e-01 3.852287931070327853e-01 3.004944855049848651e-01 1.687156064138412570e-01 2.913289793586731902e-02 1.000000000000000021e-02 1.000000000000000021e-02 1.000000000000000021e-02 1.000000000000000021e-02
