outputs/starting_flood_vel.asc
ncols 259
nrows 149
xllcorner 0.0
yllcorner 0.0
cellsize 1.15722698403
[rows 68 to 84 of 149, columns 0 to 36 of 259]
2.783240920814898469e-05 2.798010650718025876e-05 2.827975045822399058e-05 2.874650822801622636e-05 2.942816628995049860e-05 3.047622785851732003e-05 3.239038021340566784e-05 3.689321463590770092e-05 5.025167087431111132e-05 5.025167087431111132e-05 -1.082773711901049730e-04 -4.827068365169470297e-04 -4.264035508049438135e-04 2.596829079220063061e-04 1.635796465375295066e-03 2.720657492624435191e-03 2.720657492624435191e-03 1.761167006823136571e-03 1.826984183230849794e-03 1.918309402873529012e-03 1.918309402873529012e-03 1.887248274539102613e-03 1.443787676177253490e-03 1.558582689656632129e-03 1.820349709131108837e-03 1.820349709131108837e-03 1.704611943886973329e-03 1.524155594499653410e-03 1.409887683150645938e-03 1.309408859403531165e-03 1.410466326325228751e-03 1.441072783264706622e-03 1.441072783264706622e-03 1.415407405836911206e-03 1.335542466052941140e-03 1.198876397501423465e-03 1.057164879237943930e-03
2.929928674020557635e-05 2.950241068004391654e-05 2.991930803160630788e-05 3.057207313918905943e-05 3.149460261120708284e-05 3.273189288706122618e-05 3.434599012320148305e-05 3.645352043124660532e-05 3.910878247446361290e-05 3.910878247446361290e-05 -2.752530812767269280e-04 -6.583898564805022984e-04 -1.257321051736740589e-03 -5.158047391982959135e-04 1.137473557194815417e-03 2.784337197434128084e-03 2.784337197434128084e-03 2.725583547715363687e-03 2.338017551004260407e-03 2.074762557899044197e-03 2.023357578718551746e-03 1.958695543034744656e-03 1.527570436585297875e-03 1.870666426721034154e-03 1.989028463530053206e-03 1.995279493099131815e-03 1.995279493099131815e-03 1.885540407137661478e-03 1.598281206595020178e-03 1.482683662214562097e-03 1.539532253159721841e-03 1.539532253159721841e-03 1.508527262206533137e-03 1.481796611371850782e-03 1.481796611371850782e-03 1.378436427757280796e-03 1.231877726587331679e-03
3.056304033242384814e-05 3.081094144118348590e-05 3.132299784896827176e-05 3.212787368592671212e-05 3.324627812862759120e-05 3.461075095531883247e-05 3.580816696109250739e-05 3.580816696109250739e-05 3.546609449141375993e-05 3.111020911110236775e-05 -2.568036794075148404e-04 -7.794337348868048956e-04 -1.127708581344048690e-03 -4.179070568889681680e-04 1.044571810546725222e-03 2.137695565619097786e-03 2.844198030230413697e-03 2.844198030230413697e-03 2.613408022466353654e-03 2.322916226718181945e-03 2.260797108330134947e-03 2.161365349657056508e-03 1.740473056784380343e-03 1.794094723947384446e-03 2.264690980507553381e-03 2.453758641103765022e-03 2.673536709797046020e-03 2.673536709797046020e-03 2.093716739788160225e-03 1.731901823044453004e-03 1.739179778555854971e-03 1.739179778555854971e-03 1.682615606923978241e-03 1.598823286661514489e-03 1.527342204480326877e-03 1.435869338976202133e-03 1.297721110470335514e-03
3.157889281588248555e-05 3.185531690329791396e-05 3.243386823715658791e-05 3.337014562692188543e-05 3.475188526205768994e-05 3.665666584449416097e-05 3.880983227443580503e-05 3.880983227443580503e-05 3.849248146221335596e-05 1.860793736640668634e-05 -2.549122631044989503e-04 -9.139637191467540325e-04 -6.247708586053711240e-04 3.707462938521053860e-04 1.308177400109839785e-03 1.853662696989516077e-03 2.272413068381864010e-03 2.484619854076914203e-03 2.484619854076914203e-03 2.219529043766733326e-03 2.069078125912590486e-03 1.824090052026092852e-03 1.381982597274356841e-03 9.733801904516549159e-04 9.570414106652699654e-04 1.532120749348281656e-03 2.098790432911257307e-03 2.147928526594387356e-03 2.147928526594387356e-03 1.894663369752638653e-03 1.800657529678649461e-03 1.800657529678649461e-03 1.673247771906487833e-03 1.560261866052760175e-03 1.397814994055839206e-03 1.288058287995055666e-03 1.297264023345993120e-03
3.231832121192568778e-05 3.259756511896906935e-05 3.318701256943828727e-05 3.416695532254649753e-05 3.573445144818725091e-05 3.845419488616451972e-05 4.428201482994297217e-05 6.108606171659688457e-05 6.108606171659688457e-05 -6.913423259008521853e-05 -1.924300220220140128e-04 -6.023534260384291695e-04 -2.067959064918281897e-05 1.005258423708008542e-03 1.520690985925765397e-03 1.657462647180574927e-03 1.831440384911989152e-03 1.860598068318157754e-03 1.860598068318157754e-03 1.707847195611012815e-03 1.669306265344658964e-03 1.363730233101955120e-03 9.972955026245789324e-04 8.097194516131905060e-04 7.700698618069581154e-04 6.277270432984434056e-04 1.159589861353847989e-03 1.666385494716253902e-03 1.900698947413832426e-03 1.933433531235247875e-03 1.933433531235247875e-03 1.782291857445425726e-03 1.591954226351428078e-03 1.457925541133031503e-03 1.211698010126674007e-03 1.072470831295351413e-03 1.139183230068882557e-03
3.277850570092550166e-05 3.302960979121436131e-05 3.354966159908095362e-05 3.437621164563854620e-05 3.556477032198027610e-05 3.714364742203398622e-05 3.877797044257434733e-05 3.877797044257434733e-05 3.770461764649997525e-05 2.495956466424813873e-05 2.495956466424813873e-05 -5.562477063303326581e-05 4.092202020500194720e-04 7.205352632766041975e-04 1.354755707402468222e-03 1.391257713164669590e-03 1.470784521751793182e-03 1.470784521751793182e-03 1.467722236461320657e-03 1.440643420353680164e-03 1.440643420353680164e-03 1.398213273680292551e-03 1.057322399523005036e-03 9.033430961575199085e-04 7.343822063251458825e-04 5.878195469997872123e-04 4.920520068635640632e-04 1.193410362279793187e-03 1.935700540700634924e-03 2.058367737794651077e-03 2.058367737794651077e-03 1.630768784826778324e-03 1.452612729199544324e-03 1.356819275500555739e-03 1.097509895579658378e-03 7.902595108217978087e-04 7.851269346976106830e-04
3.298758609963647621e-05 3.319270674588202904e-05 3.360581239003261969e-05 3.422345933894637625e-05 3.500477077206128718e-05 3.577765403741686950e-05 3.598160187182053020e-05 3.598160187182053020e-05 3.413357535254258642e-05 1.169113996684689125e-04 1.424328548805220928e-04 3.447437739449611270e-04 3.467776486670705142e-04 3.467776486670705142e-04 1.061863737704048152e-03 1.084673466884652658e-03 1.192457308748231257e-03 1.259689373199136559e-03 1.259689373199136559e-03 1.285331217317379820e-03 1.437745869623742413e-03 1.437745869623742413e-03 1.143043248814037136e-03 9.622286993690761913e-04 7.337307158882879236e-04 6.072942323882452335e-04 4.559504264889022423e-04 4.147148318928553837e-04 1.167093966581677234e-03 1.874571204196079973e-03 1.874571204196079973e-03 1.449423336851536929e-03 1.181337787530755421e-03 1.055903144831198213e-03 9.024023336789220150e-04 7.942977358128244228e-04 6.483495300014165564e-04
3.299154585210188438e-05 3.314781870264467927e-05 3.345742187622107919e-05 3.390704254805317389e-05 3.445319938990147780e-05 3.498059608375172184e-05 3.523720765474841921e-05 3.523720765474841921e-05 3.482655296066195459e-05 1.486288987583195991e-04 4.273638203680111473e-04 5.165858378153307447e-04 5.165858378153307447e-04 4.627257227715658359e-04 7.236624842617132196e-04 8.518220471951122022e-04 9.703980582347790070e-04 1.117796137073651585e-03 1.117796137073651585e-03 1.196409842017770236e-03 1.266933896725194134e-03 1.266933896725194134e-03 1.112659483499488927e-03 9.527140499112216531e-04 8.107819001053074561e-04 6.705416291440245051e-04 4.848830188743004778e-04 3.452694449623439250e-04 4.744275472172880602e-04 1.267301638017501652e-03 1.267301638017501652e-03 1.077648296157868472e-03 9.739294786078856424e-04 8.688168602696922987e-04 1.265870309877778488e-03 1.460420945731788923e-03 1.460420945731788923e-03
3.283923275402449767e-05 3.294960033637372445e-05 3.316901386415378294e-05 3.349408958714389107e-05 3.392038815573970119e-05 3.445432325294019540e-05 3.516007970275940244e-05 3.626681132489155532e-05 3.810702368097181519e-05 1.062394201502157224e-04 1.185985497865027927e-03 1.185985497865027927e-03 1.131807686244340081e-03 5.657363421232950319e-04 4.448281170888568163e-04 7.535742039383430116e-04 9.010604618663599049e-04 1.024924457204405386e-03 1.024924457204405386e-03 1.222229909900458822e-03 1.222229909900458822e-03 1.174198673017151553e-03 1.122982590931875498e-03 9.682229342486284654e-04 9.082182002766058708e-04 8.419179252931839478e-04 5.454482753969600375e-04 3.536051398238478668e-04 3.772751075336596522e-04 4.070531215747180058e-04 6.356664924048357731e-04 7.073091462030346374e-04 7.073091462030346374e-04 8.183707675893811756e-04 1.216017625472509949e-03 1.641359031730440544e-03 1.708549991592653436e-03
3.257655207359789096e-05 3.264233602467190405e-05 3.277494365687650481e-05 3.297991378062892660e-05 3.327994039297305074e-05 3.375622906951012553e-05 3.468197657845750081e-05 3.697358895517302872e-05 4.387891134408101340e-05 4.387891134408101340e-05 1.353730157170031584e-03 1.591427799892631591e-03 1.591427799892631591e-03 1.238194487967703324e-03 1.117209049380297461e-03 1.068948009132274918e-03 1.068948009132274918e-03 1.051507077240445296e-03 1.149071120323109322e-03 1.217836473147701276e-03 1.236908295861882624e-03 1.236908295861882624e-03 1.167112142738276808e-03 1.085688332726021449e-03 1.085688332726021449e-03 1.040395014549373373e-03 6.221830848141307645e-04 4.088595780239300675e-04 3.286811613375141420e-04 3.067910901098838531e-04 4.023961577670672200e-04 5.145937861441682477e-04 5.145937861441682477e-04 6.685237448276499378e-04 8.910192802120817839e-04 1.126212528976646690e-03 1.200546102198760123e-03
3.224808744209727116e-05 3.226824803183954340e-05 3.230851095805135822e-05 3.237068148552221233e-05 3.246323056601347674e-05 3.260867605366965353e-05 3.283800858638771081e-05 3.306665657326202502e-05 3.306665657326202502e-05 3.227354633009000781e-05 3.664901697032091907e-04 1.014128071025653883e-03 1.368438943771562236e-03 1.712824956362709239e-03 1.712824956362709239e-03 1.583096599104524002e-03 1.583096599104524002e-03 1.476852388277617592e-03 1.412044462772335963e-03 1.685988794981797649e-03 1.685988794981797649e-03 1.620628463932420518e-03 1.576213507621221236e-03 1.655959602746840103e-03 1.655959602746840103e-03 1.525098909975848701e-03 1.290599879048439204e-03 1.228185972920676659e-03 9.290469846917205187e-04 5.827455937008658863e-04 3.306353927017047808e-04 4.549545984711805802e-04 4.549545984711805802e-04 5.634765091381501887e-04 6.181938222024859538e-04 6.834974743963890664e-04 7.080700188503408730e-04
3.189946222085436557e-05 3.189946222085436557e-05 3.187405770253764017e-05 3.182017065796724010e-05 3.173107063739504034e-05 3.159362433188882773e-05 3.137723599276751789e-05 3.099472514016178587e-05 3.018148242139753233e-05 2.819706873379369927e-05 2.352361976183418046e-05 2.935450686661030591e-04 9.221128417254274194e-04 1.407128221110866273e-03 1.768978637651380309e-03 1.855786547831896277e-03 1.855786547831896277e-03 1.668216386776124943e-03 1.839204810321768118e-03 2.114231671546869164e-03 2.114231671546869164e-03 2.069415963111272821e-03 2.193043319186337940e-03 2.193043319186337940e-03 2.106910337647010210e-03 2.036526924319021804e-03 1.938681495430591775e-03 1.881296032029468887e-03 1.530839624198057376e-03 1.092568038955751527e-03 6.880574871673742062e-04 6.066103128067862728e-04 5.765353636595051600e-04 5.423070216712523681e-04 5.423070216712523681e-04 5.484195346125421379e-04 5.484195346125421379e-04
3.157624151792818537e-05 3.157624151792818537e-05 3.150834989948938451e-05 3.136704333388490811e-05 3.113980607420197607e-05 3.080296013137921496e-05 3.031191844534985864e-05 2.958217356009447052e-05 2.846747923837246669e-05 2.680962642185387947e-05 2.569630538284334431e-05 9.120486269619061041e-05 4.080395329212837228e-04 8.130773373077069882e-04 1.168956197414608824e-03 1.463138823315877609e-03 1.570266411148745975e-03 1.687462113754305271e-03 1.752676733495832102e-03 1.792961117814763404e-03 1.805283739300229734e-03 1.886390287442142513e-03 1.987036021999952825e-03 1.987036021999952825e-03 2.006775380181622433e-03 2.006775380181622433e-03 1.927751556081656751e-03 1.798572732951950453e-03 1.490488781022800135e-03 1.321952913276097912e-03 9.709895543559131804e-04 9.415900357778519969e-04 8.235432968794599660e-04 7.389753497119735774e-04 7.206699887770197420e-04 5.626568271438679670e-04 5.361455055961847349e-04
3.132091243344081282e-05 3.132091243344081282e-05 3.121605704360682471e-05 3.099984670388098432e-05 3.065815019414885607e-05 3.016649167407627532e-05 2.948530409715805501e-05 2.855457141649378445e-05 2.729663455014376083e-05 2.565165387741004426e-05 2.365966378482616518e-05 2.128168092944256672e-05 8.423963296458882803e-05 2.671242791205593876e-04 3.545393270139102692e-04 7.646900668060831793e-04 1.279873996333844802e-03 1.711607031625129571e-03 1.711607031625129571e-03 1.704801502878656397e-03 1.588400841755950978e-03 1.419478882674981993e-03 1.390077760576808544e-03 1.459337665229926704e-03 1.608626054474399320e-03 1.608626054474399320e-03 1.608581425900048939e-03 1.565515124675489079e-03 1.371022077580337289e-03 1.261858322734462235e-03 1.089927514877877179e-03 1.158468912860890132e-03 1.428858859926533708e-03 1.428858859926533708e-03 1.370314484491188135e-03 1.096027206994110289e-03 8.997240713164549866e-04
3.117043873878742161e-05 3.117043873878742161e-05 3.103511913761606975e-05 3.075813624388340262e-05 3.032645632443602932e-05 2.971955227361924292e-05 2.890823485271222369e-05 2.785417345857879384e-05 2.651283366829882245e-05 2.484069075281649693e-05 2.278301649461226774e-05 2.013453019958788497e-05 1.616976675612302462e-05 5.773017167449911113e-05 9.115800139437608019e-05 2.284370730352333601e-04 6.678442485975990064e-04 1.208942844839905242e-03 1.462158109547602837e-03 1.597060372886505066e-03 1.597060372886505066e-03 1.412388981673454646e-03 1.290905615606668900e-03 1.251773240708356537e-03 1.332740258322311685e-03 1.426178905274524998e-03 1.522419960278206461e-03 1.522419960278206461e-03 1.333352565833720044e-03 1.129854882658329470e-03 1.063742529905137247e-03 1.272847471559074468e-03 1.691358476696022293e-03 1.743246238313085790e-03 1.743246238313085790e-03 1.647366982033333276e-03 1.484932361194659474e-03
3.115528464530538903e-05 3.115528464530538903e-05 3.099584452418671816e-05 3.067112280960019503e-05 3.016998658609276813e-05 2.947702624325244675e-05 2.857390958149292156e-05 2.744105389681018891e-05 2.605983591165646183e-05 2.441525897094459576e-05 2.249718124121868651e-05 2.030365661817369095e-05 1.791503195937527455e-05 1.581698442860429975e-05 7.495938502754841669e-05 1.184025130275660629e-04 2.210232014014783817e-04 5.012582274213918084e-04 7.965206479216404905e-04 1.075822877840643425e-03 1.320073771122163685e-03 1.320073771122163685e-03 1.227336921635080848e-03 1.188314154179411419e-03 1.315972079903825415e-03 1.473001401158485595e-03 1.536215851993036948e-03 1.536215851993036948e-03 1.298245999607558574e-03 9.623343101076399985e-04 9.828691319601092196e-04 1.149518008982799511e-03 1.412651890250529773e-03 1.557884586554458264e-03 1.687937735453266461e-03 1.687937735453266461e-03 1.632294148229359839e-03
3.129957067294201377e-05 3.129957067294201377e-05 3.112185150422536791e-05 3.076052388423779297e-05 3.020534096708246918e-05 2.944465653180472565e-05 2.846932333319695903e-05 2.727629663551253775e-05 2.587019711057215210e-05 2.426332797808664291e-05 2.248679288114440505e-05 2.066788307251304652e-05 2.087103287603485539e-05 2.087103287603485539e-05 6.893198489359747181e-05 1.271716842210935262e-04 1.491741907213341709e-04 2.041534725708652202e-04 3.384022219661251846e-04 5.116080269829729153e-04 8.147087159938020415e-04 9.946179021704478797e-04 1.032100501527991000e-03 1.096533094745302545e-03 1.216524814912281179e-03 1.339712240325011041e-03 1.339712240325011041e-03 1.334333763127576586e-03 1.096074008745189085e-03 7.554901403244563109e-04 8.670998532119112518e-04 9.492643686321599640e-04 1.075230986809386962e-03 1.283276784710139611e-03 1.481109769602923691e-03 1.515367395001582110e-03 1.515367395001582110e-03
